10000.0 ,0.28000000000000014 ,0.5200000000000004 ,-0.1374134422676767
9990.0 ,0.049999999999999996 ,0.7400000000000005 ,-0.309158963113229
9980.0 ,0.0 ,0.5800000000000004 ,-0.07198766311917863
9970.0 ,0.0 ,0.5300000000000004 ,-0.0690126947294735
9960.0 ,0.0 ,0.3350000000000002 ,-0.05735099198633632
9950.0 ,0.045 ,0.5700000000000004 ,-0.08263293550457444
9940.0 ,0.0 ,0.7200000000000005 ,0.3484777835312871
9930.0 ,0.0 ,0.6050000000000004 ,-0.07347193083568974
9920.0 ,0.0 ,0.7100000000000005 ,0.3479713351039435
9910.0 ,0.15000000000000005 ,0.7700000000000006 ,-0.31215994874723385
9900.0 ,0.0 ,0.7950000000000006 ,0.35176071804303366
9890.0 ,0.2200000000000001 ,0.6600000000000005 ,-0.1313136407099464
9880.0 ,0.1950000000000001 ,0.5400000000000004 ,-0.11809598963541527
9870.0 ,0.075 ,0.5300000000000004 ,-0.08775098671104867
9860.0 ,0.18000000000000008 ,0.5600000000000004 ,-0.1156063978345874
9850.0 ,0.30000000000000016 ,0.7900000000000006 ,-0.315908341757417
9840.0 ,0.14500000000000005 ,0.7200000000000005 ,-0.3070607588641844
9830.0 ,0.11000000000000003 ,0.5500000000000004 ,-0.09767527369507885
9820.0 ,0.30500000000000016 ,0.42000000000000026 ,-0.13733609388857285
9810.0 ,0.42000000000000026 ,0.19000000000000009 ,-0.14964000773224057
9800.0 ,0.3650000000000002 ,0.0 ,-0.1260144838222334
9790.0 ,0.2200000000000001 ,0.2100000000000001 ,-0.1044370675244295
9780.0 ,0.4550000000000003 ,0.06999999999999999 ,-0.15000692838428925
9770.0 ,0.49500000000000033 ,0.0 ,-0.15421483900892113
9760.0 ,0.5750000000000004 ,0.06499999999999999 ,-0.1740405233547722
9750.0 ,0.4900000000000003 ,0.13000000000000003 ,-0.16095591019855882
9740.0 ,0.6200000000000004 ,0.2650000000000001 ,-0.19448150429026262
9730.0 ,0.4650000000000003 ,0.13500000000000004 ,-0.15602189204754618
9720.0 ,0.6400000000000005 ,0.18500000000000008 ,-0.19331608699506808
9710.0 ,0.7950000000000006 ,0.06499999999999999 ,-0.2116922100539431
9700.0 ,0.7800000000000006 ,0.27500000000000013 ,-0.22200800013208405
9690.0 ,0.5450000000000004 ,0.29500000000000015 ,-0.18198548802497078
9680.0 ,0.6000000000000004 ,0.2550000000000001 ,-0.19017174343592
9670.0 ,0.7650000000000006 ,0.4350000000000003 ,-0.16371861044709973
9660.0 ,0.8500000000000006 ,0.27500000000000013 ,-0.28077893167443385
9650.0 ,1.0 ,0.2050000000000001 ,-0.3050060040758525
9640.0 ,0.7750000000000006 ,0.28500000000000014 ,-0.26682148568345687
9630.0 ,0.9400000000000007 ,0.28500000000000014 ,-0.2931677267096781
9620.0 ,0.9400000000000007 ,0.4400000000000003 ,-0.18685185202357746
9610.0 ,0.8100000000000006 ,0.2050000000000001 ,-0.22231109517274103
9600.0 ,0.9600000000000007 ,0.3600000000000002 ,-0.1988485263037
9590.0 ,1.0 ,0.2000000000000001 ,-0.3053197965027983
9580.0 ,0.9600000000000007 ,0.28500000000000014 ,-0.2956466075645918
9570.0 ,0.7900000000000006 ,0.09000000000000001 ,-0.2124353472284281
9560.0 ,0.9800000000000008 ,0.15000000000000005 ,-0.3062624051017566
9550.0 ,1.0 ,0.17000000000000007 ,-0.3072345520272216
9540.0 ,0.9500000000000007 ,0.17000000000000007 ,-0.30133120035051264
9530.0 ,0.7900000000000006 ,0.04 ,-0.2094446245943431
9520.0 ,0.9800000000000008 ,0.11000000000000003 ,-0.3089113929192853
9510.0 ,1.0 ,0.025 ,-0.3170043029977595
9500.0 ,1.0 ,0.0 ,-0.31872301351571364
9490.0 ,1.0 ,0.0 ,-0.31872301351571364
9480.0 ,1.0 ,0.045 ,-0.31562939138306667
9470.0 ,1.0 ,0.13500000000000004 ,-0.30952922143370526
9460.0 ,0.7850000000000006 ,0.17000000000000007 ,-0.21647130526705066
9450.0 ,0.8550000000000006 ,0.2100000000000001 ,-0.28530634408595357
9440.0 ,0.8700000000000007 ,0.27000000000000013 ,-0.2842056270315216
9430.0 ,0.6750000000000005 ,0.49500000000000033 ,-0.1380726272888515
9420.0 ,0.6750000000000005 ,0.3450000000000002 ,-0.20909007867695178
9410.0 ,0.5700000000000004 ,0.41000000000000025 ,-0.1937593278939273
9400.0 ,0.39500000000000024 ,0.18000000000000008 ,-0.14352577153038118
9390.0 ,0.3450000000000002 ,0.049999999999999996 ,-0.12443864300473313
9380.0 ,0.2150000000000001 ,0.0 ,-0.09064944114677924
9370.0 ,0.30000000000000016 ,0.01 ,-0.11159618817452469
9360.0 ,0.1950000000000001 ,0.005 ,-0.08606617127768677
9350.0 ,0.015 ,0.0 ,-0.04102332389266623
9340.0 ,0.0 ,0.0 ,-0.0372801589863911
9330.0 ,0.035 ,0.12500000000000003 ,-0.05349548573663663
9320.0 ,0.18000000000000008 ,0.2600000000000001 ,-0.09765983496488201
9310.0 ,0.2050000000000001 ,0.29000000000000015 ,-0.10558420623601925
9300.0 ,0.15500000000000005 ,0.09000000000000001 ,-0.08130301166208179
9290.0 ,0.13500000000000004 ,0.18500000000000008 ,-0.08204115550036116
9280.0 ,0.05499999999999999 ,0.08 ,-0.055800514655801194
9270.0 ,0.16000000000000006 ,0.23500000000000013 ,-0.09123131449191911
9260.0 ,0.05499999999999999 ,0.02 ,-0.05221353941951434
9250.0 ,0.2050000000000001 ,0.06999999999999999 ,-0.0923948067994183
9240.0 ,0.10000000000000002 ,0.2150000000000001 ,-0.07513136177442767
9230.0 ,0.2050000000000001 ,0.06999999999999999 ,-0.0923948067994183
9220.0 ,0.075 ,0.05499999999999999 ,-0.059303717635338836
9210.0 ,0.12500000000000003 ,0.0 ,-0.06848467539773588
9200.0 ,0.015 ,0.0 ,-0.04102332389266623
9190.0 ,0.0 ,0.0 ,-0.0372801589863911
9180.0 ,0.0 ,0.0 ,-0.0372801589863911
9170.0 ,0.0 ,0.02 ,-0.03847395609660685
9160.0 ,0.02 ,0.24500000000000013 ,-0.05694394027865568
9150.0 ,0.0 ,0.2050000000000001 ,-0.04955226113693439
9140.0 ,0.0 ,0.27500000000000013 ,-0.05375206899952373
9130.0 ,0.0 ,0.075 ,-0.04176173337506343
9120.0 ,0.13000000000000003 ,0.2600000000000001 ,-0.08529913134115025
9110.0 ,0.06999999999999999 ,0.4750000000000003 ,-0.083220558476504
9100.0 ,0.28000000000000014 ,0.5250000000000004 ,-0.13771144619311995
9090.0 ,0.30500000000000016 ,0.6200000000000004 ,-0.14925419981661522
9080.0 ,0.1950000000000001 ,0.49500000000000033 ,-0.11541334338055376
9070.0 ,0.2500000000000001 ,0.6950000000000005 ,-0.30756482976900346
9060.0 ,0.05499999999999999 ,0.4850000000000003 ,-0.0800683666209189
9050.0 ,0.27500000000000013 ,0.29500000000000015 ,-0.12276114382492848
9040.0 ,0.3350000000000002 ,0.4850000000000003 ,-0.14819996461190243
9030.0 ,0.15000000000000005 ,0.6050000000000004 ,-0.11087852323139871
9020.0 ,0.12500000000000003 ,0.8250000000000006 ,-0.3175168502699276
9010.0 ,0.19000000000000009 ,0.6200000000000004 ,-0.12162407455201507
9000.0 ,0.8900000000000007 ,0.0 ,-0.3043052623453136
8990.0 ,0.9400000000000007 ,0.13000000000000003 ,-0.3026416558335915
8980.0 ,1.0 ,0.0 ,-0.31872301351571364
8970.0 ,1.0 ,0.0 ,-0.31872301351571364
8960.0 ,0.9800000000000008 ,0.15000000000000005 ,-0.3062624051017566
8950.0 ,1.0 ,0.3700000000000002 ,-0.2009291329553437
8940.0 ,0.8050000000000006 ,0.38500000000000023 ,-0.1767256015450528
8930.0 ,0.7200000000000005 ,0.4850000000000003 ,-0.149490317513778
8920.0 ,0.7850000000000006 ,0.3650000000000002 ,-0.17644813898722933
8910.0 ,0.6750000000000005 ,0.4450000000000003 ,-0.14351251845232627
8900.0 ,0.8650000000000007 ,0.6050000000000004 ,-0.16416812948611284
8890.0 ,1.0 ,0.7550000000000006 ,-0.1709889961799247
8880.0 ,0.9150000000000007 ,0.7800000000000006 ,-0.16120670405608725
8870.0 ,0.7800000000000006 ,0.9150000000000007 ,-0.13665480300402555
8860.0 ,0.6300000000000004 ,0.7800000000000006 ,-0.10582967541237434
8850.0 ,0.6250000000000004 ,0.8500000000000006 ,-0.10130903077730348
8840.0 ,0.7900000000000006 ,1.0 ,-0.13622224781646408
8830.0 ,0.8450000000000006 ,0.8700000000000007 ,-0.14870082944756383
8820.0 ,0.7700000000000006 ,0.8600000000000007 ,-0.13658971421424634
8810.0 ,0.7200000000000005 ,0.9350000000000007 ,-0.12392122038087505
8800.0 ,0.5100000000000003 ,1.0 ,-0.05087684466331151
8790.0 ,0.3800000000000002 ,0.9700000000000008 ,0.029865829454725837
8780.0 ,0.41500000000000026 ,1.0 ,0.004964299515068271
8770.0 ,0.2650000000000001 ,0.8250000000000006 ,-0.31927258206975073
8760.0 ,0.17000000000000007 ,0.7200000000000005 ,-0.30777617733005447
8750.0 ,0.2200000000000001 ,0.7500000000000006 ,-0.3119518229820888
8740.0 ,0.09500000000000001 ,0.7200000000000005 ,-0.30632447978239064
8730.0 ,0.10000000000000002 ,0.6150000000000004 ,-0.09904417354732248
8720.0 ,0.13000000000000003 ,0.7600000000000006 ,-0.3107823802594225
8710.0 ,0.30000000000000016 ,0.7250000000000005 ,-0.31040802553196795
8700.0 ,0.42500000000000027 ,0.8700000000000007 ,-0.006037464206802928
8690.0 ,0.3450000000000002 ,0.8650000000000007 ,-0.32179330178054755
8680.0 ,0.3400000000000002 ,0.8600000000000007 ,-0.3214417754415081
8670.0 ,0.5400000000000004 ,0.8000000000000006 ,-0.0717137845013596
8660.0 ,0.5700000000000004 ,0.7350000000000005 ,-0.08729116070735335
8650.0 ,0.5650000000000004 ,0.6800000000000005 ,-0.08855688529502426
8640.0 ,0.38500000000000023 ,0.7350000000000005 ,0.015622600665140124
8630.0 ,0.23500000000000013 ,0.7800000000000006 ,-0.31496193285548135
8620.0 ,0.27000000000000013 ,0.7450000000000006 ,-0.3121049781108688
8610.0 ,0.39000000000000024 ,0.7150000000000005 ,0.010601007566426263
8600.0 ,0.30000000000000016 ,0.8750000000000007 ,-0.32356589143572434
8590.0 ,0.28500000000000014 ,0.9600000000000007 ,-0.3322994892260721
8580.0 ,0.31000000000000016 ,0.9550000000000007 ,-0.331135561165699
8570.0 ,0.2100000000000001 ,0.8450000000000006 ,-0.3208267605184192
8560.0 ,0.16500000000000006 ,0.8550000000000006 ,-0.3211183511248549
8550.0 ,0.13000000000000003 ,0.6900000000000005 ,-0.30366878739478065
8540.0 ,0.0 ,0.5950000000000004 ,-0.07287849794792071
8530.0 ,0.15000000000000005 ,0.4400000000000003 ,-0.1010463593436487
8520.0 ,0.005 ,0.5600000000000004 ,-0.07204583953717274
8510.0 ,0.0 ,0.38500000000000023 ,-0.06034767135261679
8500.0 ,0.0 ,0.42000000000000026 ,-0.062443262914888165
8490.0 ,0.030000000000000002 ,0.6150000000000004 ,-0.08155524636786975
8480.0 ,0.0 ,0.7400000000000005 ,0.34943263499343036
8470.0 ,0.0 ,0.7050000000000005 ,0.34770991270929597
8460.0 ,0.05999999999999999 ,0.6000000000000004 ,-0.08816477136309092
8450.0 ,0.0 ,0.6000000000000004 ,-0.07317526095362106
8440.0 ,0.0 ,0.4450000000000003 ,-0.06393876859401819
8430.0 ,0.09500000000000001 ,0.3300000000000002 ,-0.08078318187154815
8420.0 ,0.16500000000000006 ,0.4700000000000003 ,-0.10654648509939675
8410.0 ,0.13500000000000004 ,0.6200000000000004 ,-0.10804993296957605
8400.0 ,0.3250000000000002 ,0.7950000000000006 ,-0.3160746971406786
8390.0 ,0.5050000000000003 ,0.9600000000000007 ,-0.04943835360130483
8380.0 ,0.5000000000000003 ,0.9950000000000008 ,-0.04599067665800466
8370.0 ,0.4450000000000003 ,0.8900000000000007 ,-0.018147723754408998
8360.0 ,0.5200000000000004 ,0.8550000000000006 ,-0.06028578441654635
8350.0 ,0.5250000000000004 ,0.7000000000000005 ,-0.07035920379389292
8340.0 ,0.5600000000000004 ,0.7000000000000005 ,-0.08534866115692033
8330.0 ,0.39500000000000024 ,0.8500000000000006 ,0.014177716915767621
8320.0 ,0.3550000000000002 ,0.9000000000000007 ,-0.32470860667837825
8310.0 ,0.5500000000000004 ,0.7550000000000006 ,-0.07818753055956706
8300.0 ,0.5350000000000004 ,0.7750000000000006 ,-0.07071504605827562
8290.0 ,0.6800000000000005 ,0.6850000000000005 ,-0.12482060565529926
8280.0 ,0.7850000000000006 ,0.5700000000000004 ,-0.15451712953974372
8270.0 ,0.8050000000000006 ,0.39000000000000024 ,-0.17603939929480963
8260.0 ,0.6650000000000005 ,0.3400000000000002 ,-0.20704966618061255
8250.0 ,0.7500000000000006 ,0.4350000000000003 ,-0.16096297452581793
8240.0 ,0.6300000000000004 ,0.28500000000000014 ,-0.1975079711132195
8230.0 ,0.6200000000000004 ,0.28000000000000014 ,-0.195381461766788
8220.0 ,0.7800000000000006 ,0.4600000000000003 ,-0.16354205541311742
8210.0 ,0.7950000000000006 ,0.42500000000000027 ,-0.16999455247471226
8200.0 ,0.8350000000000006 ,0.2550000000000001 ,-0.2794066257945131
8190.0 ,0.9850000000000008 ,0.12000000000000004 ,-0.30882592187361413
8180.0 ,0.8700000000000007 ,0.0 ,-0.30121079710748694
8170.0 ,1.0 ,0.18500000000000008 ,-0.30627055179290674
8160.0 ,0.8500000000000006 ,0.15000000000000005 ,-0.28817741834906185
8150.0 ,0.7750000000000006 ,0.09000000000000001 ,-0.21014827386726273
8140.0 ,0.8550000000000006 ,0.2150000000000001 ,-0.2850089397254334
8130.0 ,0.9250000000000007 ,0.12000000000000004 ,-0.3013080682245315
8120.0 ,0.8400000000000006 ,0.1950000000000001 ,-0.28374118802058845
8110.0 ,0.9350000000000007 ,0.3400000000000002 ,-0.19948965385277564
8100.0 ,0.8200000000000006 ,0.5350000000000004 ,-0.16294249578093986
8090.0 ,0.6650000000000005 ,0.4850000000000003 ,-0.13653494065057598
8080.0 ,0.7750000000000006 ,0.4550000000000003 ,-0.16322012321712973
8070.0 ,0.8350000000000006 ,0.5950000000000004 ,-0.16065768569814212
8060.0 ,0.6400000000000005 ,0.7900000000000006 ,-0.1084122389533052
8050.0 ,0.7800000000000006 ,0.7800000000000006 ,-0.14155675214304342
8040.0 ,0.9400000000000007 ,0.6950000000000005 ,-0.1678974565588667
8030.0 ,0.9100000000000007 ,0.5350000000000004 ,-0.17479212853590625
8020.0 ,1.0 ,0.3450000000000002 ,-0.20456991007828354
8010.0 ,1.0 ,0.5350000000000004 ,-0.18375256580719784
8000.0 ,0.29500000000000015 ,1.0 ,-0.33629470428480773
7990.0 ,0.29000000000000015 ,1.0 ,-0.3364409545149016
7980.0 ,0.3600000000000002 ,0.8100000000000006 ,0.039575432610924555
7970.0 ,0.18000000000000008 ,0.6300000000000004 ,-0.1197615779220518
7960.0 ,0.08 ,0.4550000000000003 ,-0.08452395787308513
7950.0 ,0.17000000000000007 ,0.49500000000000033 ,-0.1092721015483909
7940.0 ,0.2050000000000001 ,0.6700000000000005 ,-0.12825180450130896
7930.0 ,0.3650000000000002 ,0.7700000000000006 ,0.0333512021954918
7920.0 ,0.49500000000000033 ,0.5850000000000004 ,-0.06428664797554488
7910.0 ,0.4450000000000003 ,0.43000000000000027 ,-0.16944687078474696
7900.0 ,0.28000000000000014 ,0.3250000000000002 ,-0.12574801971177063
7890.0 ,0.3550000000000002 ,0.30000000000000016 ,-0.14171186692393425
7880.0 ,0.2100000000000001 ,0.4650000000000003 ,-0.11728595758190108
7870.0 ,0.16500000000000006 ,0.38500000000000023 ,-0.10146119239136459
7860.0 ,0.16500000000000006 ,0.4850000000000003 ,-0.1074423043367592
7850.0 ,0.16500000000000006 ,0.6200000000000004 ,-0.11547488988167834
7840.0 ,0.06499999999999999 ,0.5000000000000003 ,-0.08346334777617095
7830.0 ,0.06999999999999999 ,0.42500000000000027 ,-0.08023138805217117
7820.0 ,0.049999999999999996 ,0.38500000000000023 ,-0.07283726509208678
7810.0 ,0.11500000000000003 ,0.24500000000000013 ,-0.0806688442820201
7800.0 ,0.049999999999999996 ,0.3600000000000002 ,-0.0713392961065116
7790.0 ,0.0 ,0.29500000000000015 ,-0.054951933110847465
7780.0 ,0.0 ,0.15000000000000005 ,-0.0462538964761269
7770.0 ,0.16000000000000006 ,0.3250000000000002 ,-0.09663054919571026
7760.0 ,0.10000000000000002 ,0.2150000000000001 ,-0.07513136177442767
7750.0 ,0.05999999999999999 ,0.28000000000000014 ,-0.06904155893493538
7740.0 ,0.0 ,0.30000000000000016 ,-0.05525187214413908
7730.0 ,0.11000000000000003 ,0.3700000000000002 ,-0.08692060795723278
7720.0 ,0.0 ,0.3250000000000002 ,-0.05675133790263287
7710.0 ,0.035 ,0.18000000000000008 ,-0.056792589379160804
7700.0 ,0.16500000000000006 ,0.08 ,-0.0831744523716415
7690.0 ,0.24000000000000013 ,0.14000000000000004 ,-0.10508063708728163
7680.0 ,0.2150000000000001 ,0.3200000000000002 ,-0.109820761993169
7670.0 ,0.14000000000000004 ,0.4750000000000003 ,-0.1006606712233113
7660.0 ,0.16500000000000006 ,0.31000000000000016 ,-0.0969652294130206
7650.0 ,0.28000000000000014 ,0.42000000000000026 ,-0.13143994472402593
7640.0 ,0.2000000000000001 ,0.5550000000000004 ,-0.12021204899731759
7630.0 ,0.3300000000000002 ,0.5750000000000004 ,-0.1524064044373979
7620.0 ,0.4350000000000003 ,0.5700000000000004 ,-0.1756433719561698
7610.0 ,0.6050000000000004 ,0.7000000000000005 ,-0.10190857518861851
7600.0 ,0.5000000000000003 ,0.7750000000000006 ,-0.05413484091142941
7590.0 ,0.5600000000000004 ,0.8500000000000006 ,-0.07797507586475141
7580.0 ,0.6750000000000005 ,0.8500000000000006 ,-0.115763010159178
7570.0 ,0.6700000000000005 ,1.0 ,-0.10992535334913364
7560.0 ,0.6250000000000004 ,1.0 ,-0.09672756114417105
7550.0 ,0.49500000000000033 ,1.0 ,-0.04329488234571316
7540.0 ,0.5750000000000004 ,1.0 ,-0.07920766890182618
7530.0 ,0.5450000000000004 ,1.0 ,-0.06699264700551355
7520.0 ,0.5450000000000004 ,1.0 ,-0.06699264700551355
7510.0 ,0.4350000000000003 ,1.0 ,-0.008419458470027591
7500.0 ,0.4650000000000003 ,0.9600000000000007 ,-0.027863597875162155
7490.0 ,0.6300000000000004 ,0.9450000000000007 ,-0.09972443692801469
7480.0 ,0.7250000000000005 ,1.0 ,-0.1233670279243807
7470.0 ,0.6100000000000004 ,1.0 ,-0.09181324301069305
7460.0 ,0.7400000000000005 ,1.0 ,-0.1265967670660645
7450.0 ,0.6700000000000005 ,1.0 ,-0.10992535334913364
7440.0 ,0.8200000000000006 ,0.9350000000000007 ,-0.14289416635446237
7430.0 ,0.9000000000000007 ,1.0 ,-0.15251357709811364
7420.0 ,0.8750000000000007 ,1.0 ,-0.14929951729708785
7410.0 ,0.8100000000000006 ,0.9950000000000008 ,-0.1397497180323723
7400.0 ,0.8500000000000006 ,0.9250000000000007 ,-0.14772796400773944
7390.0 ,0.8000000000000006 ,1.0 ,-0.13795778332520334
7380.0 ,0.9500000000000007 ,1.0 ,-0.15824571762619916
7370.0 ,0.9600000000000007 ,0.9950000000000008 ,-0.15940379705950086
7360.0 ,1.0 ,0.8200000000000006 ,-0.1684081546949256
7350.0 ,1.0 ,0.9000000000000007 ,-0.16576379666360602
7340.0 ,1.0 ,0.7550000000000006 ,-0.1709889961799247
7330.0 ,1.0 ,0.9200000000000007 ,-0.16518616774176234
7320.0 ,1.0 ,0.8450000000000006 ,-0.1675222135663379
7310.0 ,0.9050000000000007 ,0.9900000000000008 ,-0.15335322890437061
7300.0 ,0.7600000000000006 ,1.0 ,-0.1306472612037424
7290.0 ,0.8300000000000006 ,0.9150000000000007 ,-0.14503455269413673
7280.0 ,0.9600000000000007 ,0.7650000000000006 ,-0.16673076084161076
7270.0 ,1.0 ,0.9350000000000007 ,-0.16477374453915125
7260.0 ,0.9800000000000008 ,0.9900000000000008 ,-0.16151970773727592
7250.0 ,0.9400000000000007 ,1.0 ,-0.15716750123922404
7240.0 ,0.8650000000000007 ,1.0 ,-0.14794141789373594
7230.0 ,1.0 ,0.9250000000000007 ,-0.1650467316314943
7220.0 ,1.0 ,0.9600000000000007 ,-0.1641251235966816
7210.0 ,1.0 ,1.0 ,-0.16318554988970047
7200.0 ,1.0 ,1.0 ,-0.16318554988970047
7190.0 ,0.9450000000000007 ,1.0 ,-0.157710632248715
7180.0 ,0.8200000000000006 ,0.8550000000000006 ,-0.14540350887425912
7170.0 ,0.9650000000000007 ,0.8150000000000006 ,-0.16524584638400555
7160.0 ,0.9300000000000007 ,0.8150000000000006 ,-0.16153614455551346
7150.0 ,0.8500000000000006 ,0.7500000000000006 ,-0.1541260743491834
7140.0 ,0.7000000000000005 ,0.8250000000000006 ,-0.12301069004146467
7130.0 ,0.5550000000000004 ,0.7850000000000006 ,-0.07876569472944189
7120.0 ,0.5350000000000004 ,0.7800000000000006 ,-0.07046839955708345
7110.0 ,0.6450000000000005 ,0.9550000000000007 ,-0.1040011733744701
7100.0 ,0.5400000000000004 ,0.9150000000000007 ,-0.0672061223235369
7090.0 ,0.39000000000000024 ,0.8650000000000007 ,0.018538852409668266
7080.0 ,0.3650000000000002 ,0.9800000000000008 ,-0.22315979658502844
7070.0 ,0.3800000000000002 ,0.9150000000000007 ,0.028102002617597238
7060.0 ,0.5000000000000003 ,0.8950000000000007 ,-0.04898268832128712
7050.0 ,0.4550000000000003 ,1.0 ,-0.02089566607733058
7040.0 ,0.6150000000000004 ,1.0 ,-0.09348216179878965
7030.0 ,0.5750000000000004 ,0.9200000000000007 ,-0.08140611956743922
7020.0 ,0.7350000000000005 ,0.7950000000000006 ,-0.13212412939270038
7010.0 ,0.7500000000000006 ,0.9150000000000007 ,-0.13090028227900138
7000.0 ,0.2050000000000001 ,1.0 ,-0.3375038370668891
6990.0 ,0.2500000000000001 ,0.8900000000000007 ,-0.32557434222084136
6980.0 ,0.39500000000000024 ,0.8600000000000007 ,0.014608870411766117
6970.0 ,0.24000000000000013 ,0.8750000000000007 ,-0.3240760710234668
6960.0 ,0.30000000000000016 ,0.7850000000000006 ,-0.3154760784706615
6950.0 ,0.31000000000000016 ,0.9400000000000007 ,-0.3296282979538824
6940.0 ,0.27000000000000013 ,0.9700000000000008 ,-0.3336634176754415
6930.0 ,0.29000000000000015 ,1.0 ,-0.3364409545149016
6920.0 ,0.40000000000000024 ,1.0 ,0.015619209616877003
6910.0 ,0.30000000000000016 ,1.0 ,-0.3361406975716436
6900.0 ,0.29000000000000015 ,0.9650000000000007 ,-0.33270465545937356
6890.0 ,0.2650000000000001 ,0.9550000000000007 ,-0.33214469389980883
6880.0 ,0.3300000000000002 ,1.0 ,-0.33510230710007505
6870.0 ,0.2100000000000001 ,1.0 ,-0.3375045859236757
6860.0 ,0.045 ,0.8850000000000007 ,-0.326242541713276
6850.0 ,0.0 ,0.9250000000000007 ,0.20571026279904617
6840.0 ,0.11500000000000003 ,0.8950000000000007 ,-0.32528877837697884
6830.0 ,0.11500000000000003 ,0.9250000000000007 ,-0.3287805788433561
6820.0 ,0.22500000000000012 ,0.9250000000000007 ,-0.32917397969606577
6810.0 ,0.39000000000000024 ,1.0 ,0.023023219577712833
6800.0 ,0.42000000000000026 ,0.8650000000000007 ,-0.002878017108852604
6790.0 ,0.31000000000000016 ,0.7200000000000005 ,-0.3099767659889013
6780.0 ,0.2650000000000001 ,0.8200000000000006 ,-0.31880992647125267
6770.0 ,0.3350000000000002 ,0.9550000000000007 ,-0.3303838701725407
6760.0 ,0.2650000000000001 ,1.0 ,-0.33703578672911405
6750.0 ,0.30000000000000016 ,1.0 ,-0.3361406975716436
6740.0 ,0.28000000000000014 ,0.9100000000000007 ,-0.32729338091990257
6730.0 ,0.27000000000000013 ,0.9950000000000008 ,-0.33638329756012975
6720.0 ,0.31000000000000016 ,1.0 ,-0.3358125740522865
6710.0 ,0.4650000000000003 ,1.0 ,-0.026806178853716334
6700.0 ,0.5750000000000004 ,0.9750000000000008 ,-0.07982584387822991
6690.0 ,0.6100000000000004 ,0.9650000000000007 ,-0.09268762951380652
6680.0 ,0.7650000000000006 ,1.0 ,-0.13161670135918307
6670.0 ,0.8150000000000006 ,0.9800000000000008 ,-0.14092089592462356
6660.0 ,0.8700000000000007 ,0.9250000000000007 ,-0.15052558756113954
6650.0 ,0.9700000000000008 ,1.0 ,-0.1603085613713181
6640.0 ,0.8750000000000007 ,0.9700000000000008 ,-0.150004710159073
6630.0 ,0.7500000000000006 ,1.0 ,-0.1286572901298504
6620.0 ,0.6800000000000005 ,1.0 ,-0.11257252000551216
6610.0 ,0.7350000000000005 ,0.9550000000000007 ,-0.12665154343647816
6600.0 ,0.8250000000000006 ,0.9000000000000007 ,-0.14471079705269524
6590.0 ,0.6950000000000005 ,0.9800000000000008 ,-0.11684326326151309
6580.0 ,0.7600000000000006 ,1.0 ,-0.1306472612037424
6570.0 ,0.7850000000000006 ,1.0 ,-0.13533225349945224
6560.0 ,0.8600000000000007 ,0.9500000000000007 ,-0.1484640236971759
6550.0 ,0.9400000000000007 ,0.9100000000000007 ,-0.15947408670612717
6540.0 ,0.9600000000000007 ,0.8550000000000006 ,-0.16331772813649809
6530.0 ,1.0 ,0.7450000000000006 ,-0.17142433125168582
6520.0 ,1.0 ,0.7400000000000005 ,-0.17164608467145703
6510.0 ,0.8800000000000007 ,0.6800000000000005 ,-0.16165125799123156
6500.0 ,0.8650000000000007 ,0.5800000000000004 ,-0.16588094181741647
6490.0 ,0.8850000000000007 ,0.7200000000000005 ,-0.16024537995825885
6480.0 ,0.7650000000000006 ,0.6900000000000005 ,-0.1431851626703552
6470.0 ,0.7950000000000006 ,0.7500000000000006 ,-0.14553572985910587
6460.0 ,0.9350000000000007 ,0.6250000000000004 ,-0.17126439352147219
6450.0 ,1.0 ,0.5550000000000004 ,-0.18224358621113512
6440.0 ,1.0 ,0.6050000000000004 ,-0.17883822181058795
6430.0 ,0.9150000000000007 ,0.5650000000000004 ,-0.17306956334572535
6420.0 ,0.8200000000000006 ,0.6000000000000004 ,-0.15806428557872426
6410.0 ,0.9750000000000008 ,0.6700000000000005 ,-0.17274736281356173
6400.0 ,0.9700000000000008 ,0.6050000000000004 ,-0.17607256891106376
6390.0 ,0.8700000000000007 ,0.5400000000000004 ,-0.16954398096971895
6380.0 ,0.9050000000000007 ,0.4400000000000003 ,-0.1831150579501575
6370.0 ,1.0 ,0.3750000000000002 ,-0.2002427387213934
6360.0 ,1.0 ,0.28500000000000014 ,-0.30023089048435986
6350.0 ,0.9000000000000007 ,0.2600000000000001 ,-0.28919524274163405
6340.0 ,1.0 ,0.3300000000000002 ,-0.20693367707100663
6330.0 ,1.0 ,0.3250000000000002 ,-0.20775359845886052
6320.0 ,1.0 ,0.29500000000000015 ,-0.29967033755288064
6310.0 ,0.8500000000000006 ,0.1950000000000001 ,-0.2853968560728336
6300.0 ,0.8800000000000007 ,0.15500000000000005 ,-0.29259858401709826
6290.0 ,0.9650000000000007 ,0.17000000000000007 ,-0.30318357684996994
6280.0 ,0.8400000000000006 ,0.11500000000000003 ,-0.22124837562344787
6270.0 ,0.8150000000000006 ,0.2000000000000001 ,-0.22274507294998958
6260.0 ,0.8150000000000006 ,0.05999999999999999 ,-0.21435717814618896
6250.0 ,0.9450000000000007 ,0.0 ,-0.3120272455032117
6240.0 ,1.0 ,0.049999999999999996 ,-0.3152860816700924
6230.0 ,1.0 ,0.0 ,-0.31872301351571364
6220.0 ,1.0 ,0.0 ,-0.31872301351571364
6210.0 ,0.8950000000000007 ,0.0 ,-0.30505390903915375
6200.0 ,0.9200000000000007 ,0.0 ,-0.3086540089360828
6190.0 ,1.0 ,0.0 ,-0.31872301351571364
6180.0 ,1.0 ,0.049999999999999996 ,-0.3152860816700924
6170.0 ,0.8850000000000007 ,0.18500000000000008 ,-0.29147286733655847
6160.0 ,0.8350000000000006 ,0.28000000000000014 ,-0.27803277328712617
6150.0 ,0.8000000000000006 ,0.29500000000000015 ,-0.2710719313140065
6140.0 ,0.8500000000000006 ,0.42000000000000026 ,-0.17865793912932781
6130.0 ,0.7300000000000005 ,0.4750000000000003 ,-0.1526014746541667
6120.0 ,0.6200000000000004 ,0.4700000000000003 ,-0.12541030405269293
6110.0 ,0.7650000000000006 ,0.3600000000000002 ,-0.17383144669867126
6100.0 ,0.7050000000000005 ,0.3200000000000002 ,-0.21269765151098133
6090.0 ,0.6050000000000004 ,0.3250000000000002 ,-0.19530548736188802
6080.0 ,0.7550000000000006 ,0.3400000000000002 ,-0.17527808130362887
6070.0 ,0.6400000000000005 ,0.4800000000000003 ,-0.13024368272122414
6060.0 ,0.7400000000000005 ,0.5950000000000004 ,-0.14427072312249706
6050.0 ,0.8700000000000007 ,0.6350000000000005 ,-0.16292684595638005
6040.0 ,0.8300000000000006 ,0.7450000000000006 ,-0.15141177566453684
6030.0 ,0.7500000000000006 ,0.6350000000000005 ,-0.14355782206399945
6020.0 ,0.7650000000000006 ,0.6350000000000005 ,-0.14643176829061733
6010.0 ,0.7850000000000006 ,0.6200000000000004 ,-0.15100134047371128
6000.0 ,0.14500000000000005 ,1.0 ,-0.3375394843888271
5990.0 ,0.12000000000000004 ,1.0 ,-0.33786803544381283
5980.0 ,0.0 ,0.8800000000000007 ,0.35487897447389705
5970.0 ,0.025 ,0.8450000000000006 ,-0.32239167661258317
5960.0 ,0.0 ,0.9400000000000007 ,0.20433196290332928
5950.0 ,0.0 ,1.0 ,0.1978534594652028
5940.0 ,0.0 ,1.0 ,0.1978534594652028
5930.0 ,0.075 ,0.8750000000000007 ,-0.3237949506848818
5920.0 ,0.2200000000000001 ,0.8750000000000007 ,-0.32395567644923284
5910.0 ,0.19000000000000009 ,0.9350000000000007 ,-0.33002910962596316
5900.0 ,0.12500000000000003 ,0.9600000000000007 ,-0.3328367859356971
5890.0 ,0.18500000000000008 ,0.8900000000000007 ,-0.3250948626631196
5880.0 ,0.2150000000000001 ,1.0 ,-0.3375006929888554
5870.0 ,0.19000000000000009 ,1.0 ,-0.3374842277491866
5860.0 ,0.24500000000000013 ,0.9450000000000007 ,-0.3312815358069522
5850.0 ,0.14500000000000005 ,0.8400000000000006 ,-0.3192724961136262
5840.0 ,0.24500000000000013 ,0.8850000000000007 ,-0.32508042627105804
5830.0 ,0.31000000000000016 ,0.9550000000000007 ,-0.331135561165699
5820.0 ,0.41000000000000025 ,1.0 ,0.008456342566385527
5810.0 ,0.3750000000000002 ,0.9800000000000008 ,0.034061172874542966
5800.0 ,0.4500000000000003 ,1.0 ,-0.01785951976851058
5790.0 ,0.40000000000000024 ,1.0 ,0.015619209616877003
5780.0 ,0.40500000000000025 ,0.9300000000000007 ,0.009983518458660856
5770.0 ,0.40500000000000025 ,1.0 ,0.012007831394043433
5760.0 ,0.4900000000000003 ,1.0 ,-0.0406719414236304
5750.0 ,0.5350000000000004 ,0.9800000000000008 ,-0.0630981411161389
5740.0 ,0.6250000000000004 ,0.9800000000000008 ,-0.09721119549803806
5730.0 ,0.6250000000000004 ,0.8750000000000007 ,-0.10038637149923378
5720.0 ,0.5100000000000003 ,0.9050000000000007 ,-0.05362885760986941
5710.0 ,0.39000000000000024 ,0.9100000000000007 ,0.02028953809962447
5700.0 ,0.5300000000000004 ,1.0 ,-0.06034528140922084
5690.0 ,0.6550000000000005 ,0.9550000000000007 ,-0.10690059196209048
5680.0 ,0.7800000000000006 ,1.0 ,-0.13442702594468908
5670.0 ,0.8500000000000006 ,0.9000000000000007 ,-0.14846735260759467
5660.0 ,0.9650000000000007 ,1.0 ,-0.15980418751683584
5650.0 ,1.0 ,0.9550000000000007 ,-0.16425101858560848
5640.0 ,0.8800000000000007 ,0.9550000000000007 ,-0.1510463225625639
5630.0 ,0.8300000000000006 ,0.8900000000000007 ,-0.1457993681158365
5620.0 ,0.7600000000000006 ,0.8900000000000007 ,-0.13366498919856298
5610.0 ,0.7650000000000006 ,0.7800000000000006 ,-0.1387794989182207
5600.0 ,0.7250000000000005 ,0.8100000000000006 ,-0.12934848295061419
5590.0 ,0.7100000000000005 ,0.7300000000000005 ,-0.1296344427600173
5580.0 ,0.6300000000000004 ,0.8100000000000006 ,-0.10449481087339751
5570.0 ,0.6300000000000004 ,0.7750000000000006 ,-0.10606285929857098
5560.0 ,0.5400000000000004 ,0.6900000000000005 ,-0.07764282863043798
5550.0 ,0.6350000000000005 ,0.7800000000000006 ,-0.10736247732929151
5540.0 ,0.5100000000000003 ,0.8750000000000007 ,-0.05470660855714342
5530.0 ,0.6000000000000004 ,0.8250000000000006 ,-0.09400899133222736
5520.0 ,0.6900000000000005 ,0.7200000000000005 ,-0.12539342566244957
5510.0 ,0.7100000000000005 ,0.7150000000000005 ,-0.1304103923565894
5500.0 ,0.7100000000000005 ,0.8200000000000006 ,-0.12556617594564218
5490.0 ,0.7350000000000005 ,0.6950000000000005 ,-0.13695986309755515
5480.0 ,0.6600000000000005 ,0.6200000000000004 ,-0.12369420870028278
5470.0 ,0.7550000000000006 ,0.6650000000000005 ,-0.14269490017355224
5460.0 ,0.8200000000000006 ,0.6300000000000004 ,-0.15609996135258378
5450.0 ,0.8450000000000006 ,0.5600000000000004 ,-0.16461951672051417
5440.0 ,0.7850000000000006 ,0.5600000000000004 ,-0.1552827195554365
5430.0 ,0.7550000000000006 ,0.6200000000000004 ,-0.145508666514308
5420.0 ,0.6900000000000005 ,0.5300000000000004 ,-0.13844870262118303
5410.0 ,0.7650000000000006 ,0.4450000000000003 ,-0.16256588362964638
5400.0 ,0.7750000000000006 ,0.4450000000000003 ,-0.1643288010690925
5390.0 ,0.7400000000000005 ,0.4350000000000003 ,-0.15904283276573455
5380.0 ,0.7400000000000005 ,0.5100000000000003 ,-0.15119039876577015
5370.0 ,0.7500000000000006 ,0.5300000000000004 ,-0.15136387305691376
5360.0 ,0.7800000000000006 ,0.43000000000000027 ,-0.1669210923146901
5350.0 ,0.8150000000000006 ,0.3250000000000002 ,-0.27225851392867595
5340.0 ,0.8700000000000007 ,0.40000000000000024 ,-0.1837125040026273
5330.0 ,0.8800000000000007 ,0.40500000000000025 ,-0.18430324791344052
5320.0 ,0.8650000000000007 ,0.3650000000000002 ,-0.18788618524645412
5310.0 ,0.9950000000000008 ,0.3350000000000002 ,-0.20571954213936963
5300.0 ,0.9300000000000007 ,0.31000000000000016 ,-0.29052325211495494
5290.0 ,0.9700000000000008 ,0.3550000000000002 ,-0.20049406901717626
5280.0 ,0.8950000000000007 ,0.2650000000000001 ,-0.28819825336717864
5270.0 ,0.9950000000000008 ,0.27000000000000013 ,-0.300539513690393
5260.0 ,1.0 ,0.27500000000000013 ,-0.30080011018238145
5250.0 ,0.9500000000000007 ,0.2200000000000001 ,-0.2982130509580655
5240.0 ,0.8750000000000007 ,0.15500000000000005 ,-0.2918352033680734
5230.0 ,0.9500000000000007 ,0.23000000000000012 ,-0.2976090455003304
5220.0 ,0.9300000000000007 ,0.30000000000000016 ,-0.2910586122849502
5210.0 ,1.0 ,0.41000000000000025 ,-0.19578913298158832
5200.0 ,0.8750000000000007 ,0.3300000000000002 ,-0.1945914043290788
5190.0 ,0.8500000000000006 ,0.40000000000000024 ,-0.18114394705264855
5180.0 ,0.8500000000000006 ,0.3700000000000002 ,-0.18523845751609405
5170.0 ,0.8450000000000006 ,0.38500000000000023 ,-0.1824677682277021
5160.0 ,0.8650000000000007 ,0.4900000000000003 ,-0.17321626197407902
5150.0 ,0.9550000000000007 ,0.5750000000000004 ,-0.1766052112140366
5140.0 ,0.9350000000000007 ,0.5450000000000004 ,-0.17674827943345614
5130.0 ,1.0 ,0.6650000000000005 ,-0.17532917639863715
5120.0 ,0.9900000000000008 ,0.6650000000000005 ,-0.17442444135663546
5110.0 ,0.9800000000000008 ,0.7300000000000005 ,-0.17024474729052083
5100.0 ,0.8650000000000007 ,0.8450000000000006 ,-0.15239325814529445
5090.0 ,0.7950000000000006 ,0.8050000000000006 ,-0.14315449065846825
5080.0 ,0.8300000000000006 ,0.7600000000000006 ,-0.15072886170978253
5070.0 ,0.9250000000000007 ,0.8750000000000007 ,-0.1588772840608227
5060.0 ,0.9500000000000007 ,0.9800000000000008 ,-0.1587033420860535
5050.0 ,0.9100000000000007 ,1.0 ,-0.15373088607423863
5040.0 ,0.8150000000000006 ,1.0 ,-0.14045444690452458
5030.0 ,0.8800000000000007 ,1.0 ,-0.1499626265151977
5020.0 ,0.7650000000000006 ,0.9100000000000007 ,-0.13400314710549077
5010.0 ,0.8450000000000006 ,0.8350000000000006 ,-0.14992533502298103
5000.0 ,0.18000000000000008 ,1.0 ,-0.3374679416930637
4990.0 ,0.12000000000000004 ,1.0 ,-0.33786803544381283
4980.0 ,0.030000000000000002 ,0.9600000000000007 ,-0.3366548026753524
4970.0 ,0.02 ,0.9600000000000007 ,0.19757150771348547
4960.0 ,0.0 ,1.0 ,0.1978534594652028
4950.0 ,0.0 ,1.0 ,0.1978534594652028
4940.0 ,0.0 ,1.0 ,0.1978534594652028
4930.0 ,0.030000000000000002 ,1.0 ,0.1910882007115174
4920.0 ,0.0 ,1.0 ,0.1978534594652028
4910.0 ,0.035 ,0.8900000000000007 ,-0.327381989659247
4900.0 ,0.08 ,0.9800000000000008 ,-0.33653973794375935
4890.0 ,0.10500000000000002 ,1.0 ,-0.3382291233877269
4880.0 ,0.10000000000000002 ,0.9650000000000007 ,-0.33394069088359746
4870.0 ,0.10500000000000002 ,1.0 ,-0.3382291233877269
4860.0 ,0.05499999999999999 ,1.0 ,-0.3404417275675378
4850.0 ,0.06499999999999999 ,0.9750000000000008 ,-0.3365883786902042
4840.0 ,0.14000000000000004 ,0.9900000000000008 ,-0.33634518467037017
4830.0 ,0.22500000000000012 ,0.9450000000000007 ,-0.331321974381278
4820.0 ,0.2050000000000001 ,0.8350000000000006 ,-0.3197577185866182
4810.0 ,0.31000000000000016 ,0.9050000000000007 ,-0.3262073529430851
4800.0 ,0.2100000000000001 ,0.8600000000000007 ,-0.3223280590513008
4790.0 ,0.31500000000000017 ,0.9350000000000007 ,-0.32899747286707404
4780.0 ,0.31500000000000017 ,0.8550000000000006 ,-0.32145091111486224
4770.0 ,0.31500000000000017 ,0.7700000000000006 ,-0.3140744091812259
4760.0 ,0.31500000000000017 ,0.8800000000000007 ,-0.3237399029413024
4750.0 ,0.2550000000000001 ,0.9250000000000007 ,-0.3291129083854766
4740.0 ,0.2600000000000001 ,0.9750000000000008 ,-0.3343654524771454
4730.0 ,0.2650000000000001 ,0.9250000000000007 ,-0.3290161278841615
4720.0 ,0.19000000000000009 ,0.9600000000000007 ,-0.33283520728382177
4710.0 ,0.18500000000000008 ,0.9000000000000007 ,-0.32616266841615554
4700.0 ,0.09500000000000001 ,0.9000000000000007 ,-0.3261907958580963
4690.0 ,0.075 ,0.9100000000000007 ,-0.32797958947951034
4680.0 ,0.01 ,0.8150000000000006 ,0.34741911132293485
4670.0 ,0.0 ,0.8350000000000006 ,0.35327440314480385
4660.0 ,0.0 ,0.8800000000000007 ,0.35487897447389705
4650.0 ,0.0 ,0.9400000000000007 ,0.20433196290332928
4640.0 ,0.08 ,0.9250000000000007 ,-0.3296284959207174
4630.0 ,0.09000000000000001 ,0.9800000000000008 ,-0.33615020250141814
4620.0 ,0.04 ,0.9700000000000008 ,-0.33734911005709145
4610.0 ,0.15000000000000005 ,0.9700000000000008 ,-0.3338719716617702
4600.0 ,0.14000000000000004 ,1.0 ,-0.3375813416002553
4590.0 ,0.17500000000000007 ,0.9750000000000008 ,-0.3344939876528459
4580.0 ,0.12500000000000003 ,1.0 ,-0.3377768119297357
4570.0 ,0.049999999999999996 ,1.0 ,-0.3407417382268576
4560.0 ,0.0 ,0.9000000000000007 ,0.35557373444345264
4550.0 ,0.015 ,0.8450000000000006 ,-0.32291545856537296
4540.0 ,0.030000000000000002 ,0.9250000000000007 ,-0.3320901969177631
4530.0 ,0.08 ,0.8200000000000006 ,-0.317338968311608
4520.0 ,0.05499999999999999 ,0.7750000000000006 ,-0.3129457517566396
4510.0 ,0.13500000000000004 ,0.7900000000000006 ,-0.3139326896058624
4500.0 ,0.075 ,0.7250000000000005 ,-0.30697463855632845
4490.0 ,0.085 ,0.7800000000000006 ,-0.31282684531226657
4480.0 ,0.0 ,0.7800000000000006 ,0.3511603259953313
4470.0 ,0.0 ,0.8000000000000006 ,0.3519563039665546
4460.0 ,0.025 ,0.7950000000000006 ,-0.3164249251319097
4450.0 ,0.0 ,0.8550000000000006 ,0.3539968025915148
4440.0 ,0.035 ,0.8150000000000006 ,-0.3183225191373992
4430.0 ,0.10500000000000002 ,0.8500000000000006 ,-0.3202981392420974
4420.0 ,0.15000000000000005 ,0.9450000000000007 ,-0.33092774884139114
4410.0 ,0.2500000000000001 ,0.9400000000000007 ,-0.33071877104552916
4400.0 ,0.18000000000000008 ,0.9850000000000008 ,-0.3356854174464714
4390.0 ,0.075 ,0.9450000000000007 ,-0.3322975326996795
4380.0 ,0.11000000000000003 ,1.0 ,-0.3380936754674701
4370.0 ,0.05499999999999999 ,1.0 ,-0.3404417275675378
4360.0 ,0.075 ,1.0 ,-0.33937381676085143
4350.0 ,0.16500000000000006 ,1.0 ,-0.3374623185061101
4340.0 ,0.2050000000000001 ,0.9950000000000008 ,-0.3369192881120016
4330.0 ,0.22500000000000012 ,0.9800000000000008 ,-0.3351947686528541
4320.0 ,0.23000000000000012 ,0.8850000000000007 ,-0.3250419863471134
4310.0 ,0.17500000000000007 ,0.8500000000000006 ,-0.32075677252969637
4300.0 ,0.09000000000000001 ,0.8550000000000006 ,-0.32108621159627687
4290.0 ,0.075 ,0.9400000000000007 ,-0.33167213370021964
4280.0 ,0.09500000000000001 ,0.8550000000000006 ,-0.3209940113682811
4270.0 ,0.01 ,0.8100000000000006 ,0.3472293406190338
4260.0 ,0.0 ,0.7850000000000006 ,0.3513628655298344
4250.0 ,0.0 ,0.8600000000000007 ,0.35417482608871753
4240.0 ,0.0 ,0.8900000000000007 ,0.35522726955610523
4230.0 ,0.0 ,0.9250000000000007 ,0.20571026279904617
4220.0 ,0.0 ,0.9250000000000007 ,0.20571026279904617
4210.0 ,0.025 ,0.8750000000000007 ,-0.3260693039021181
4200.0 ,0.085 ,0.9050000000000007 ,-0.3270454976437708
4190.0 ,0.05999999999999999 ,0.9750000000000008 ,-0.33684828194149147
4180.0 ,0.0 ,1.0 ,0.1978534594652028
4170.0 ,0.025 ,1.0 ,0.1921013548111429
4160.0 ,0.09000000000000001 ,1.0 ,-0.3387299259055938
4150.0 ,0.09000000000000001 ,0.9800000000000008 ,-0.33615020250141814
4140.0 ,0.17000000000000007 ,1.0 ,-0.3374600888990609
4130.0 ,0.2150000000000001 ,1.0 ,-0.3375006929888554
4120.0 ,0.22500000000000012 ,0.9350000000000007 ,-0.33024220947420324
4110.0 ,0.1950000000000001 ,0.8950000000000007 ,-0.3257507963402405
4100.0 ,0.2650000000000001 ,0.8300000000000006 ,-0.31973732265612764
4090.0 ,0.3300000000000002 ,0.8050000000000006 ,-0.31686010307355816
4080.0 ,0.3550000000000002 ,0.7100000000000005 ,0.037817789524942
4070.0 ,0.40000000000000024 ,0.7850000000000006 ,0.007383937527401241
4060.0 ,0.3550000000000002 ,0.8550000000000006 ,0.045856371376185784
4050.0 ,0.3700000000000002 ,0.9350000000000007 ,0.03667126775042982
4040.0 ,0.31000000000000016 ,0.9700000000000008 ,-0.3326683491076874
4030.0 ,0.31000000000000016 ,0.8950000000000007 ,-0.32525378159535046
4020.0 ,0.3350000000000002 ,0.8400000000000006 ,-0.31978101799935355
4010.0 ,0.38500000000000023 ,0.8700000000000007 ,0.022527703010339392
4000.0 ,0.05999999999999999 ,1.0 ,-0.34015406635957585
3990.0 ,0.11000000000000003 ,1.0 ,-0.3380936754674701
3980.0 ,0.11500000000000003 ,0.9150000000000007 ,-0.3276055007787668
3970.0 ,0.075 ,0.9450000000000007 ,-0.3322975326996795
3960.0 ,0.16500000000000006 ,1.0 ,-0.3374623185061101
3950.0 ,0.18500000000000008 ,1.0 ,-0.33747562856089197
3940.0 ,0.24000000000000013 ,1.0 ,-0.33738060484774757
3930.0 ,0.29500000000000015 ,1.0 ,-0.33629470428480773
3920.0 ,0.3500000000000002 ,1.0 ,-0.3343783239905096
3910.0 ,0.3600000000000002 ,1.0 ,-0.21989577760006734
3900.0 ,0.39500000000000024 ,0.9500000000000007 ,0.01789826806689518
3890.0 ,0.42000000000000026 ,0.9750000000000008 ,8.795185209092837E-4
3880.0 ,0.3450000000000002 ,0.8950000000000007 ,-0.3244640896602179
3870.0 ,0.43000000000000027 ,0.9050000000000007 ,-0.008015124746435454
3860.0 ,0.5000000000000003 ,0.9400000000000007 ,-0.047499658319027194
3850.0 ,0.5850000000000004 ,0.9300000000000007 ,-0.08486273966991896
3840.0 ,0.5900000000000004 ,1.0 ,-0.08481451192192493
3830.0 ,0.5250000000000004 ,1.0 ,-0.05804454285815783
3820.0 ,0.5950000000000004 ,1.0 ,-0.0866139618885654
3810.0 ,0.6300000000000004 ,0.9100000000000007 ,-0.10077933323230198
3800.0 ,0.7100000000000005 ,0.9050000000000007 ,-0.1225357089763046
3790.0 ,0.6400000000000005 ,0.9000000000000007 ,-0.10416289022340824
3780.0 ,0.7250000000000005 ,0.9550000000000007 ,-0.12448178938955892
3770.0 ,0.7350000000000005 ,0.9450000000000007 ,-0.1269227337894101
3760.0 ,0.6900000000000005 ,0.9400000000000007 ,-0.1166633584856828
3750.0 ,0.7700000000000006 ,0.8800000000000007 ,-0.13590707450977899
3740.0 ,0.7800000000000006 ,0.9000000000000007 ,-0.13711320564040608
3730.0 ,0.8700000000000007 ,0.8900000000000007 ,-0.151570880000075
3720.0 ,0.9500000000000007 ,0.8900000000000007 ,-0.16114802935437714
3710.0 ,0.8650000000000007 ,0.8350000000000006 ,-0.15275274037001335
3700.0 ,0.8200000000000006 ,0.8750000000000007 ,-0.14472212632038725
3690.0 ,0.8850000000000007 ,0.9600000000000007 ,-0.15157000627560044
3680.0 ,0.8150000000000006 ,0.8950000000000007 ,-0.14327554689064032
3670.0 ,0.7400000000000005 ,0.8450000000000006 ,-0.1311928819326948
3660.0 ,0.7900000000000006 ,0.7650000000000006 ,-0.14398924584989276
3650.0 ,0.7600000000000006 ,0.7700000000000006 ,-0.1382628485387636
3640.0 ,0.8300000000000006 ,0.8100000000000006 ,-0.14863232327011544
3630.0 ,0.9100000000000007 ,0.7700000000000006 ,-0.16103880640578916
3620.0 ,0.8750000000000007 ,0.7400000000000005 ,-0.15800613581549866
3610.0 ,0.8000000000000006 ,0.6600000000000005 ,-0.15107471089726976
3600.0 ,0.8000000000000006 ,0.5900000000000004 ,-0.15557896463919785
3590.0 ,0.8300000000000006 ,0.5950000000000004 ,-0.15992011610575305
3580.0 ,0.8000000000000006 ,0.5950000000000004 ,-0.15522759225209598
3570.0 ,0.8600000000000007 ,0.6800000000000005 ,-0.15900158011148335
3560.0 ,0.9200000000000007 ,0.6050000000000004 ,-0.17088050439291239
3550.0 ,0.8500000000000006 ,0.6000000000000004 ,-0.16245960545344498
3540.0 ,0.8750000000000007 ,0.6050000000000004 ,-0.16547667586962217
3530.0 ,0.8600000000000007 ,0.6900000000000005 ,-0.158466542439627
3520.0 ,0.9350000000000007 ,0.7250000000000005 ,-0.16588953230906073
3510.0 ,0.9900000000000008 ,0.6700000000000005 ,-0.17415570100192837
3500.0 ,1.0 ,0.6400000000000005 ,-0.17672313676241455
3490.0 ,1.0 ,0.6700000000000005 ,-0.17506115282880558
3480.0 ,1.0 ,0.7300000000000005 ,-0.17209794914568236
3470.0 ,0.9350000000000007 ,0.6800000000000005 ,-0.1681370319225903
3460.0 ,0.9750000000000008 ,0.6050000000000004 ,-0.17655048005065202
3450.0 ,0.9150000000000007 ,0.5650000000000004 ,-0.17306956334572535
3440.0 ,0.9700000000000008 ,0.5200000000000004 ,-0.18223214775950147
3430.0 ,0.9250000000000007 ,0.5700000000000004 ,-0.17381914168940274
3420.0 ,0.8500000000000006 ,0.49500000000000033 ,-0.17075651218685342
3410.0 ,0.8150000000000006 ,0.5350000000000004 ,-0.16217653914993382
3400.0 ,0.8850000000000007 ,0.5150000000000003 ,-0.17349710204751642
3390.0 ,0.8950000000000007 ,0.5050000000000003 ,-0.17557018883805656
3380.0 ,0.8950000000000007 ,0.5300000000000004 ,-0.1734502758235167
3370.0 ,0.9100000000000007 ,0.5850000000000004 ,-0.17108349940415132
3360.0 ,0.8800000000000007 ,0.6550000000000005 ,-0.16304144402162737
3350.0 ,0.9150000000000007 ,0.6900000000000005 ,-0.16537970193956628
3340.0 ,0.9550000000000007 ,0.7400000000000005 ,-0.1673136028604715
3330.0 ,1.0 ,0.7800000000000006 ,-0.1699467277172425
3320.0 ,1.0 ,0.7800000000000006 ,-0.1699467277172425
3310.0 ,0.9250000000000007 ,0.7450000000000006 ,-0.1638611400529037
3300.0 ,0.8800000000000007 ,0.8250000000000006 ,-0.1551252177729324
3290.0 ,0.8150000000000006 ,0.8850000000000007 ,-0.1435938205027945
3280.0 ,0.8650000000000007 ,0.8150000000000006 ,-0.1535004709119081
3270.0 ,0.8950000000000007 ,0.8900000000000007 ,-0.15482153006851948
3260.0 ,0.8750000000000007 ,0.9600000000000007 ,-0.15025561108999055
3250.0 ,0.8800000000000007 ,0.9550000000000007 ,-0.1510463225625639
3240.0 ,0.9350000000000007 ,1.0 ,-0.15661617070656503
3230.0 ,0.9950000000000008 ,1.0 ,-0.16272317760087165
3220.0 ,1.0 ,0.9600000000000007 ,-0.1641251235966816
3210.0 ,0.9450000000000007 ,0.9350000000000007 ,-0.15931128360943703
3200.0 ,0.9750000000000008 ,0.9150000000000007 ,-0.16295548714394206
3190.0 ,1.0 ,0.8400000000000006 ,-0.16769492300317945
3180.0 ,1.0 ,0.8700000000000007 ,-0.16669130208903848
3170.0 ,1.0 ,0.8100000000000006 ,-0.16877850216469445
3160.0 ,0.9500000000000007 ,0.8100000000000006 ,-0.16389185018200453
3150.0 ,0.9950000000000008 ,0.7800000000000006 ,-0.1694907611267437
3140.0 ,0.9850000000000008 ,0.7950000000000006 ,-0.16796172754588942
3130.0 ,0.9800000000000008 ,0.7700000000000006 ,-0.1684938970240144
3120.0 ,0.9350000000000007 ,0.7950000000000006 ,-0.16286194781313007
3110.0 ,0.8850000000000007 ,0.8150000000000006 ,-0.15614870449019838
3100.0 ,0.8250000000000006 ,0.8500000000000006 ,-0.14636626577440565
3090.0 ,0.7900000000000006 ,0.8000000000000006 ,-0.14249112498162808
3080.0 ,0.7350000000000005 ,0.8000000000000006 ,-0.13191381684802092
3070.0 ,0.7750000000000006 ,0.8700000000000007 ,-0.13717560865496212
3060.0 ,0.8050000000000006 ,0.8650000000000007 ,-0.14261626967538193
3050.0 ,0.8650000000000007 ,0.8550000000000006 ,-0.15204314290767817
3040.0 ,0.9200000000000007 ,0.8950000000000007 ,-0.1576748935477713
3030.0 ,0.9350000000000007 ,0.9450000000000007 ,-0.15795115246920108
3020.0 ,0.9400000000000007 ,0.9100000000000007 ,-0.15947408670612717
3010.0 ,0.9450000000000007 ,0.9100000000000007 ,-0.16001535021482974
3000.0 ,0.06999999999999999 ,0.9800000000000008 ,-0.3369919500319717
2990.0 ,0.11000000000000003 ,0.9250000000000007 ,-0.3288549474338295
2980.0 ,0.18000000000000008 ,0.9450000000000007 ,-0.33106929536916835
2970.0 ,0.24500000000000013 ,0.8950000000000007 ,-0.32608685709380136
2960.0 ,0.2650000000000001 ,0.9200000000000007 ,-0.3285045598762549
2950.0 ,0.22500000000000012 ,0.9400000000000007 ,-0.3307806372433125
2940.0 ,0.29500000000000015 ,0.9100000000000007 ,-0.3270201517281053
2930.0 ,0.3300000000000002 ,0.9250000000000007 ,-0.32761967386966195
2920.0 ,0.39500000000000024 ,0.9850000000000008 ,0.01890441159441629
2910.0 ,0.42000000000000026 ,1.0 ,0.0015312237356225056
2900.0 ,0.4550000000000003 ,1.0 ,-0.02089566607733058
2890.0 ,0.4550000000000003 ,1.0 ,-0.02089566607733058
2880.0 ,0.42000000000000026 ,1.0 ,0.0015312237356225056
2870.0 ,0.42000000000000026 ,1.0 ,0.0015312237356225056
2860.0 ,0.3800000000000002 ,0.9650000000000007 ,0.029721014577226118
2850.0 ,0.38500000000000023 ,0.9150000000000007 ,0.024254296390771535
2840.0 ,0.3200000000000002 ,0.9600000000000007 ,-0.331343001783437
2830.0 ,0.3250000000000002 ,0.9300000000000007 ,-0.3282359781029545
2820.0 ,0.30500000000000016 ,0.9800000000000008 ,-0.33386011094374946
2810.0 ,0.3550000000000002 ,1.0 ,-0.2184753720338537
2800.0 ,0.30000000000000016 ,0.9500000000000007 ,-0.3309014551737306
2790.0 ,0.3650000000000002 ,0.9050000000000007 ,0.03964908629922957
2780.0 ,0.43000000000000027 ,0.9000000000000007 ,-0.008195368882733645
2770.0 ,0.41000000000000025 ,0.9050000000000007 ,0.005571977004568379
2760.0 ,0.38500000000000023 ,0.9500000000000007 ,0.025417053872025266
2750.0 ,0.4350000000000003 ,0.9450000000000007 ,-0.009939049308340137
2740.0 ,0.49500000000000033 ,0.9550000000000007 ,-0.044483214490256204
2730.0 ,0.5150000000000003 ,0.9950000000000008 ,-0.05343172174752206
2720.0 ,0.5550000000000004 ,0.9800000000000008 ,-0.0717116380231191
2710.0 ,0.6150000000000004 ,0.9550000000000007 ,-0.09462644446992874
2700.0 ,0.5950000000000004 ,0.9950000000000008 ,-0.08673214818493802
2690.0 ,0.6400000000000005 ,1.0 ,-0.10137378798602681
2680.0 ,0.7000000000000005 ,0.9800000000000008 ,-0.11806244353020726
2670.0 ,0.7400000000000005 ,1.0 ,-0.1265967670660645
2660.0 ,0.7200000000000005 ,0.9600000000000007 ,-0.12323497384664456
2650.0 ,0.7800000000000006 ,0.9350000000000007 ,-0.13607476108780248
2640.0 ,0.8250000000000006 ,0.9350000000000007 ,-0.143684376935563
2630.0 ,0.8750000000000007 ,0.9850000000000008 ,-0.14964326801330255
2620.0 ,0.8950000000000007 ,0.9950000000000008 ,-0.15200300288659715
2610.0 ,0.9450000000000007 ,1.0 ,-0.157710632248715
2600.0 ,0.8900000000000007 ,0.9500000000000007 ,-0.15247012524078923
2590.0 ,0.8500000000000006 ,0.9500000000000007 ,-0.14704138156693797
2580.0 ,0.8900000000000007 ,0.9000000000000007 ,-0.15388375729270068
2570.0 ,0.9050000000000007 ,0.9350000000000007 ,-0.15473755382644916
2560.0 ,0.8950000000000007 ,0.9300000000000007 ,-0.15364201392617044
2550.0 ,0.9150000000000007 ,0.9350000000000007 ,-0.15593370913325266
2540.0 ,0.9100000000000007 ,0.9000000000000007 ,-0.15634714444161124
2530.0 ,0.8750000000000007 ,0.8950000000000007 ,-0.15208608148077993
2520.0 ,0.8700000000000007 ,0.8550000000000006 ,-0.15272313242363553
2510.0 ,0.8400000000000006 ,0.8750000000000007 ,-0.1477972578011822
2500.0 ,0.8350000000000006 ,0.8650000000000007 ,-0.1473818475394584
2490.0 ,0.8350000000000006 ,0.8150000000000006 ,-0.14919618232695642
2480.0 ,0.7800000000000006 ,0.8100000000000006 ,-0.1403089257949521
2470.0 ,0.8250000000000006 ,0.8300000000000006 ,-0.1470939670647528
2460.0 ,0.8150000000000006 ,0.7850000000000006 ,-0.14729963571408095
2450.0 ,0.8100000000000006 ,0.7700000000000006 ,-0.14713623244282065
2440.0 ,0.7700000000000006 ,0.7800000000000006 ,-0.13972121753962047
2430.0 ,0.7800000000000006 ,0.7700000000000006 ,-0.1419947149176057
2420.0 ,0.7950000000000006 ,0.7200000000000005 ,-0.1469832834388432
2410.0 ,0.8000000000000006 ,0.7750000000000006 ,-0.14526120370044843
2400.0 ,0.7750000000000006 ,0.8050000000000006 ,-0.13959827971581773
2390.0 ,0.7550000000000006 ,0.7500000000000006 ,-0.13820873260352942
2380.0 ,0.7300000000000005 ,0.7250000000000005 ,-0.13431701347248842
2370.0 ,0.7000000000000005 ,0.7000000000000005 ,-0.12888813490901918
2360.0 ,0.6650000000000005 ,0.7500000000000006 ,-0.11740372709549293
2350.0 ,0.6350000000000005 ,0.7950000000000006 ,-0.1066832616517166
2340.0 ,0.6050000000000004 ,0.8350000000000006 ,-0.09532118070199075
2330.0 ,0.6050000000000004 ,0.8800000000000007 ,-0.09361945459914786
2320.0 ,0.5600000000000004 ,0.8800000000000007 ,-0.07684037315903477
2310.0 ,0.5250000000000004 ,0.8650000000000007 ,-0.06222840363537986
2300.0 ,0.4800000000000003 ,0.9150000000000007 ,-0.03772453388992028
2290.0 ,0.4700000000000003 ,0.9500000000000007 ,-0.031028880309301204
2280.0 ,0.4800000000000003 ,0.9050000000000007 ,-0.03806609494228236
2270.0 ,0.4800000000000003 ,0.9000000000000007 ,-0.038241272175323734
2260.0 ,0.5150000000000003 ,0.8800000000000007 ,-0.056945873155983956
2250.0 ,0.5400000000000004 ,0.8400000000000006 ,-0.06996734600253851
2240.0 ,0.5350000000000004 ,0.8450000000000006 ,-0.06755862225439005
2230.0 ,0.5250000000000004 ,0.8250000000000006 ,-0.06386644307485945
2220.0 ,0.5650000000000004 ,0.8500000000000006 ,-0.07998069783481812
2210.0 ,0.6000000000000004 ,0.8350000000000006 ,-0.09359879515391936
2200.0 ,0.6100000000000004 ,0.8700000000000007 ,-0.09567186713720269
2190.0 ,0.6450000000000005 ,0.8700000000000007 ,-0.10667740411968141
2180.0 ,0.6400000000000005 ,0.8600000000000007 ,-0.10555576344240228
2170.0 ,0.5950000000000004 ,0.8150000000000006 ,-0.09267791621915254
2160.0 ,0.5950000000000004 ,0.8000000000000006 ,-0.09333502189249293
2150.0 ,0.5700000000000004 ,0.8200000000000006 ,-0.08318166185789425
2140.0 ,0.5350000000000004 ,0.7850000000000006 ,-0.07022513755792353
2130.0 ,0.5300000000000004 ,0.7450000000000006 ,-0.07003649154525762
2120.0 ,0.5700000000000004 ,0.7550000000000006 ,-0.08623703196034825
2110.0 ,0.5950000000000004 ,0.7850000000000006 ,-0.09401985121159592
2100.0 ,0.6250000000000004 ,0.8350000000000006 ,-0.10189545734580573
2090.0 ,0.6450000000000005 ,0.8750000000000007 ,-0.10649981030201602
2080.0 ,0.6850000000000005 ,0.8300000000000006 ,-0.11911379386652143
2070.0 ,0.6400000000000005 ,0.8200000000000006 ,-0.10711986481703542
2060.0 ,0.6450000000000005 ,0.7850000000000006 ,-0.11011526265061289
2050.0 ,0.6400000000000005 ,0.7900000000000006 ,-0.1084122389533052
2040.0 ,0.6150000000000004 ,0.8100000000000006 ,-0.09970944216550894
2030.0 ,0.6550000000000005 ,0.7650000000000006 ,-0.11391535121053806
2020.0 ,0.6550000000000005 ,0.7300000000000005 ,-0.11566002079553059
2010.0 ,0.6300000000000004 ,0.7000000000000005 ,-0.10995921016877297
2000.0 ,0.005 ,0.9600000000000007 ,0.20108016094707615
1990.0 ,0.0 ,0.9250000000000007 ,0.20571026279904617
1980.0 ,0.0 ,0.9100000000000007 ,0.35591883691204396
1970.0 ,0.0 ,0.9450000000000007 ,0.20385031112614774
1960.0 ,0.04 ,0.9450000000000007 ,-0.3340746111156421
1950.0 ,0.06499999999999999 ,0.9850000000000008 ,-0.3378957864099452
1940.0 ,0.085 ,0.9450000000000007 ,-0.3319190975155782
1930.0 ,0.085 ,0.9800000000000008 ,-0.3363370050633746
1920.0 ,0.11000000000000003 ,0.9700000000000008 ,-0.3343155850197428
1910.0 ,0.09000000000000001 ,0.9350000000000007 ,-0.33052451232135616
1900.0 ,0.13000000000000003 ,0.9400000000000007 ,-0.3303989999795182
1890.0 ,0.14000000000000004 ,0.9500000000000007 ,-0.331526269448826
1880.0 ,0.13500000000000004 ,0.9400000000000007 ,-0.33036975887703257
1870.0 ,0.15000000000000005 ,0.9800000000000008 ,-0.3350712523418411
1860.0 ,0.15000000000000005 ,0.9950000000000008 ,-0.3368938142549526
1850.0 ,0.14500000000000005 ,1.0 ,-0.3375394843888271
1840.0 ,0.13000000000000003 ,0.9800000000000008 ,-0.3352159634655798
1830.0 ,0.16000000000000006 ,0.9450000000000007 ,-0.33095239825207057
1820.0 ,0.2000000000000001 ,0.9400000000000007 ,-0.3306600335046257
1810.0 ,0.18500000000000008 ,0.9300000000000007 ,-0.32943221853912996
1800.0 ,0.2050000000000001 ,0.9150000000000007 ,-0.32798344664170376
1790.0 ,0.2150000000000001 ,0.9500000000000007 ,-0.33184402806645097
1780.0 ,0.2500000000000001 ,0.9650000000000007 ,-0.33339706731365454
1770.0 ,0.27000000000000013 ,0.9800000000000008 ,-0.3347423199581202
1760.0 ,0.2650000000000001 ,0.9450000000000007 ,-0.3310904088204598
1750.0 ,0.30000000000000016 ,0.9100000000000007 ,-0.32691487923125345
1740.0 ,0.30500000000000016 ,0.8800000000000007 ,-0.32394181028919256
1730.0 ,0.27500000000000013 ,0.8750000000000007 ,-0.3239317722245859
1720.0 ,0.24000000000000013 ,0.8550000000000006 ,-0.32210453430818575
1710.0 ,0.2550000000000001 ,0.8850000000000007 ,-0.32505919362415986
1700.0 ,0.27000000000000013 ,0.8900000000000007 ,-0.32544511871333304
1690.0 ,0.30000000000000016 ,0.9100000000000007 ,-0.32691487923125345
1680.0 ,0.27500000000000013 ,0.9300000000000007 ,-0.32938992264871636
1670.0 ,0.29500000000000015 ,0.9300000000000007 ,-0.3290020673696385
1660.0 ,0.30500000000000016 ,0.9100000000000007 ,-0.32680386300664266
1650.0 ,0.30500000000000016 ,0.9150000000000007 ,-0.32728995908118996
1640.0 ,0.29000000000000015 ,0.8900000000000007 ,-0.3251691402085465
1630.0 ,0.31000000000000016 ,0.8700000000000007 ,-0.3229140929577674
1620.0 ,0.3450000000000002 ,0.8700000000000007 ,-0.3222323495407165
1610.0 ,0.3500000000000002 ,0.8700000000000007 ,-0.3221455617193711
1600.0 ,0.3250000000000002 ,0.9050000000000007 ,-0.32585015229691383
1590.0 ,0.31000000000000016 ,0.8850000000000007 ,-0.3243104328976769
1580.0 ,0.28000000000000014 ,0.8650000000000007 ,-0.32291950181977824
1570.0 ,0.27000000000000013 ,0.8450000000000006 ,-0.3211182900234755
1560.0 ,0.27000000000000013 ,0.8750000000000007 ,-0.3239808898355535
1550.0 ,0.29000000000000015 ,0.8750000000000007 ,-0.32373374125106025
1540.0 ,0.28000000000000014 ,0.8450000000000006 ,-0.3210393122892812
1530.0 ,0.28000000000000014 ,0.8200000000000006 ,-0.3187394442550567
1520.0 ,0.27000000000000013 ,0.8200000000000006 ,-0.3187951015892274
1510.0 ,0.27500000000000013 ,0.8100000000000006 ,-0.31786140251220807
1500.0 ,0.31000000000000016 ,0.8150000000000006 ,-0.31797325003948557
1490.0 ,0.29500000000000015 ,0.8000000000000006 ,-0.3168264630098999
1480.0 ,0.27500000000000013 ,0.8200000000000006 ,-0.3187714488128207
1470.0 ,0.2500000000000001 ,0.8050000000000006 ,-0.3174023309669055
1460.0 ,0.2550000000000001 ,0.8200000000000006 ,-0.3188117527323168
1450.0 ,0.27500000000000013 ,0.8000000000000006 ,-0.31695915196041075
1440.0 ,0.30000000000000016 ,0.8050000000000006 ,-0.31721604229755707
1430.0 ,0.27000000000000013 ,0.7800000000000006 ,-0.3151814062227961
1420.0 ,0.27500000000000013 ,0.7850000000000006 ,-0.3156195110702187
1410.0 ,0.27500000000000013 ,0.7900000000000006 ,-0.31606429721669227
1400.0 ,0.30000000000000016 ,0.8100000000000006 ,-0.31765573741294284
1390.0 ,0.3250000000000002 ,0.8250000000000006 ,-0.318634002590545
1380.0 ,0.30500000000000016 ,0.8100000000000006 ,-0.3175980147998359
1370.0 ,0.29000000000000015 ,0.7900000000000006 ,-0.3159892286647701
1360.0 ,0.29000000000000015 ,0.7900000000000006 ,-0.3159892286647701
1350.0 ,0.28500000000000014 ,0.8100000000000006 ,-0.3177991594380255
1340.0 ,0.27000000000000013 ,0.8100000000000006 ,-0.3178804216252884
1330.0 ,0.27000000000000013 ,0.8200000000000006 ,-0.3187951015892274
1320.0 ,0.29000000000000015 ,0.8500000000000006 ,-0.32139012252392074
1310.0 ,0.28500000000000014 ,0.8400000000000006 ,-0.32052561496375037
1300.0 ,0.28000000000000014 ,0.8200000000000006 ,-0.3187394442550567
1290.0 ,0.28000000000000014 ,0.8100000000000006 ,-0.31783411595527733
1280.0 ,0.30500000000000016 ,0.8150000000000006 ,-0.31803701512401295
1270.0 ,0.30500000000000016 ,0.8100000000000006 ,-0.3175980147998359
1260.0 ,0.28000000000000014 ,0.7950000000000006 ,-0.3164906499510438
1250.0 ,0.2650000000000001 ,0.7950000000000006 ,-0.31652625022044667
1240.0 ,0.29000000000000015 ,0.7750000000000006 ,-0.31468194958078893
1230.0 ,0.2650000000000001 ,0.7900000000000006 ,-0.316075078658146
1220.0 ,0.24000000000000013 ,0.7750000000000006 ,-0.31456392981596915
1210.0 ,0.2550000000000001 ,0.7950000000000006 ,-0.3165055976543576
1200.0 ,0.24500000000000013 ,0.7700000000000006 ,-0.31416263711636144
1190.0 ,0.2500000000000001 ,0.7900000000000006 ,-0.31602317596178087
1180.0 ,0.2650000000000001 ,0.7900000000000006 ,-0.316075078658146
1170.0 ,0.2550000000000001 ,0.8100000000000006 ,-0.3178835414283561
1160.0 ,0.27500000000000013 ,0.7950000000000006 ,-0.3165108261215979
1150.0 ,0.27500000000000013 ,0.8150000000000006 ,-0.31831542717485983
1140.0 ,0.27500000000000013 ,0.8250000000000006 ,-0.31922951362699853
1130.0 ,0.27500000000000013 ,0.8050000000000006 ,-0.31740932716721004
1120.0 ,0.27500000000000013 ,0.8250000000000006 ,-0.31922951362699853
1110.0 ,0.30000000000000016 ,0.8050000000000006 ,-0.31721604229755707
1100.0 ,0.3200000000000002 ,0.7950000000000006 ,-0.31612979059239776
1090.0 ,0.31000000000000016 ,0.7750000000000006 ,-0.3145363131824193
1080.0 ,0.30500000000000016 ,0.7750000000000006 ,-0.31457787734513276
1070.0 ,0.29500000000000015 ,0.7900000000000006 ,-0.31595129385585446
1060.0 ,0.31000000000000016 ,0.7700000000000006 ,-0.31411466872797444
1050.0 ,0.31000000000000016 ,0.7750000000000006 ,-0.3145363131824193
1040.0 ,0.29500000000000015 ,0.7550000000000006 ,-0.3129413246854563
1030.0 ,0.27500000000000013 ,0.7600000000000006 ,-0.31341969288001226
1020.0 ,0.2550000000000001 ,0.7650000000000006 ,-0.3137958833113237
1010.0 ,0.2650000000000001 ,0.7550000000000006 ,-0.3129618562941672
1000.0 ,0.05999999999999999 ,1.0 ,-0.34015406635957585
990.0 ,0.075 ,1.0 ,-0.33937381676085143
980.0 ,0.08 ,1.0 ,-0.3391434853275458
970.0 ,0.06999999999999999 ,1.0 ,-0.339619389294389
960.0 ,0.08 ,0.9850000000000008 ,-0.33718604189746176
950.0 ,0.075 ,1.0 ,-0.33937381676085143
940.0 ,0.06499999999999999 ,1.0 ,-0.33987968961105575
930.0 ,0.06499999999999999 ,1.0 ,-0.33987968961105575
920.0 ,0.06499999999999999 ,0.9900000000000008 ,-0.3385540355804093
910.0 ,0.06499999999999999 ,1.0 ,-0.33987968961105575
900.0 ,0.08 ,1.0 ,-0.3391434853275458
890.0 ,0.09500000000000001 ,0.9900000000000008 ,-0.3372569873804281
880.0 ,0.085 ,0.9750000000000008 ,-0.33569679121371154
870.0 ,0.06999999999999999 ,0.9650000000000007 ,-0.33505329338326245
860.0 ,0.05999999999999999 ,0.9600000000000007 ,-0.3349007909059331
850.0 ,0.05999999999999999 ,0.9750000000000008 ,-0.33684828194149147
840.0 ,0.049999999999999996 ,0.9850000000000008 ,-0.33873228688534107
830.0 ,0.06499999999999999 ,1.0 ,-0.33987968961105575
820.0 ,0.06999999999999999 ,1.0 ,-0.339619389294389
810.0 ,0.05999999999999999 ,0.9950000000000008 ,-0.33948684970368254
800.0 ,0.06999999999999999 ,0.9950000000000008 ,-0.3389579271019765
790.0 ,0.06499999999999999 ,0.9950000000000008 ,-0.3392153326408565
780.0 ,0.05499999999999999 ,0.9950000000000008 ,-0.3397716900755512
770.0 ,0.049999999999999996 ,1.0 ,-0.3407417382268576
760.0 ,0.045 ,0.9950000000000008 ,-0.34037746892317516
750.0 ,0.045 ,1.0 ,-0.341053018010839
740.0 ,0.05499999999999999 ,1.0 ,-0.3404417275675378
730.0 ,0.05499999999999999 ,1.0 ,-0.3404417275675378
720.0 ,0.05499999999999999 ,1.0 ,-0.3404417275675378
710.0 ,0.05499999999999999 ,0.9900000000000008 ,-0.3391046752979284
700.0 ,0.05499999999999999 ,0.9950000000000008 ,-0.3397716900755512
690.0 ,0.049999999999999996 ,0.9850000000000008 ,-0.33873228688534107
680.0 ,0.049999999999999996 ,0.9750000000000008 ,-0.33740757272895
670.0 ,0.049999999999999996 ,0.9750000000000008 ,-0.33740757272895
660.0 ,0.049999999999999996 ,0.9850000000000008 ,-0.33873228688534107
650.0 ,0.049999999999999996 ,0.9850000000000008 ,-0.33873228688534107
640.0 ,0.04 ,0.9850000000000008 ,-0.3393485027662855
630.0 ,0.04 ,0.9800000000000008 ,-0.33867911498097697
620.0 ,0.049999999999999996 ,0.9750000000000008 ,-0.33740757272895
610.0 ,0.049999999999999996 ,0.9800000000000008 ,-0.33806844575075895
600.0 ,0.04 ,0.9850000000000008 ,-0.3393485027662855
590.0 ,0.035 ,0.9850000000000008 ,-0.3396705141572865
580.0 ,0.035 ,0.9800000000000008 ,-0.33899842281765546
570.0 ,0.045 ,0.9750000000000008 ,-0.33770497813030614
560.0 ,0.045 ,0.9750000000000008 ,-0.33770497813030614
550.0 ,0.05499999999999999 ,0.9750000000000008 ,-0.3371216524875714
540.0 ,0.05999999999999999 ,0.9750000000000008 ,-0.33684828194149147
530.0 ,0.05499999999999999 ,0.9700000000000008 ,-0.3364666087282508
520.0 ,0.06499999999999999 ,0.9700000000000008 ,-0.335939191082477
510.0 ,0.06499999999999999 ,0.9750000000000008 ,-0.3365883786902042
500.0 ,0.06499999999999999 ,0.9750000000000008 ,-0.3365883786902042
490.0 ,0.06499999999999999 ,0.9700000000000008 ,-0.335939191082477
480.0 ,0.05999999999999999 ,0.9700000000000008 ,-0.3361961496113436
470.0 ,0.05999999999999999 ,0.9700000000000008 ,-0.3361961496113436
460.0 ,0.05499999999999999 ,0.9700000000000008 ,-0.3364666087282508
450.0 ,0.05499999999999999 ,0.9700000000000008 ,-0.3364666087282508
440.0 ,0.05499999999999999 ,0.9650000000000007 ,-0.33581452262662054
430.0 ,0.05999999999999999 ,0.9650000000000007 ,-0.33554699148857503
420.0 ,0.06499999999999999 ,0.9600000000000007 ,-0.33464976793664625
410.0 ,0.05999999999999999 ,0.9600000000000007 ,-0.3349007909059331
400.0 ,0.05499999999999999 ,0.9550000000000007 ,-0.33451915766883644
390.0 ,0.05999999999999999 ,0.9550000000000007 ,-0.3342575301076135
380.0 ,0.06499999999999999 ,0.9550000000000007 ,-0.3340094970286766
370.0 ,0.06499999999999999 ,0.9550000000000007 ,-0.3340094970286766
360.0 ,0.06499999999999999 ,0.9600000000000007 ,-0.33464976793664625
350.0 ,0.06499999999999999 ,0.9650000000000007 ,-0.33529299321269523
340.0 ,0.06499999999999999 ,0.9650000000000007 ,-0.33529299321269523
330.0 ,0.06499999999999999 ,0.9700000000000008 ,-0.335939191082477
320.0 ,0.06999999999999999 ,0.9700000000000008 ,-0.3356965025109372
310.0 ,0.075 ,0.9700000000000008 ,-0.33546871121071276
300.0 ,0.08 ,0.9750000000000008 ,-0.3358964978509283
290.0 ,0.085 ,0.9750000000000008 ,-0.33569679121371154
280.0 ,0.085 ,0.9750000000000008 ,-0.33569679121371154
270.0 ,0.085 ,0.9800000000000008 ,-0.3363370050633746
260.0 ,0.09000000000000001 ,0.9800000000000008 ,-0.33615020250141814
250.0 ,0.09500000000000001 ,0.9800000000000008 ,-0.3359794291416132
240.0 ,0.10000000000000002 ,0.9850000000000008 ,-0.33645883644580343
230.0 ,0.10000000000000002 ,0.9850000000000008 ,-0.33645883644580343
220.0 ,0.10000000000000002 ,0.9850000000000008 ,-0.33645883644580343
210.0 ,0.10000000000000002 ,0.9900000000000008 ,-0.3370961372580908
200.0 ,0.10000000000000002 ,0.9900000000000008 ,-0.3370961372580908
190.0 ,0.10500000000000002 ,0.9950000000000008 ,-0.33758855009525757
180.0 ,0.11000000000000003 ,1.0 ,-0.3380936754674701
170.0 ,0.11000000000000003 ,1.0 ,-0.3380936754674701
160.0 ,0.11500000000000003 ,1.0 ,-0.337973467842398
150.0 ,0.11500000000000003 ,1.0 ,-0.337973467842398
140.0 ,0.12000000000000004 ,1.0 ,-0.33786803544381283
130.0 ,0.12500000000000003 ,1.0 ,-0.3377768119297357
120.0 ,0.12500000000000003 ,1.0 ,-0.3377768119297357
110.0 ,0.13000000000000003 ,1.0 ,-0.3376991357063648
100.0 ,0.13000000000000003 ,1.0 ,-0.3376991357063648
90.0 ,0.13000000000000003 ,1.0 ,-0.3376991357063648
80.0 ,0.13000000000000003 ,1.0 ,-0.3376991357063648
70.0 ,0.13500000000000004 ,1.0 ,-0.3376342563750525
60.0 ,0.13500000000000004 ,1.0 ,-0.3376342563750525
50.0 ,0.13500000000000004 ,1.0 ,-0.3376342563750525
40.0 ,0.13500000000000004 ,1.0 ,-0.3376342563750525
30.0 ,0.13500000000000004 ,1.0 ,-0.3376342563750525
20.0 ,0.13500000000000004 ,1.0 ,-0.3376342563750525
10.0 ,0.13500000000000004 ,1.0 ,-0.3376342563750525