10000.0 ,0.31000000000000016 ,0.7300000000000005 ,-0.2188701890696336
9990.0 ,0.16000000000000006 ,0.7550000000000006 ,-0.19488795971579131
9980.0 ,0.31500000000000017 ,0.7450000000000006 ,-0.21950353279002002
9970.0 ,0.2500000000000001 ,0.6800000000000005 ,-0.21011932921324636
9960.0 ,0.29000000000000015 ,0.5600000000000004 ,-0.006129328514725953
9950.0 ,0.3450000000000002 ,0.40500000000000025 ,-0.05122368380612749
9940.0 ,0.17500000000000007 ,0.5450000000000004 ,0.01871401986839333
9930.0 ,0.16000000000000006 ,0.40500000000000025 ,-0.006930728512533967
9920.0 ,0.015 ,0.2050000000000001 ,-0.017552631464142862
9910.0 ,0.0 ,0.11500000000000003 ,-0.03602494393023154
9900.0 ,0.08 ,0.0 ,-0.08472903541253594
9890.0 ,0.06499999999999999 ,0.049999999999999996 ,-0.0684914096386711
9880.0 ,0.0 ,0.28500000000000014 ,0.005439781071700199
9870.0 ,0.0 ,0.3400000000000002 ,0.018281606043517654
9860.0 ,0.2050000000000001 ,0.30000000000000016 ,-0.04195465582845678
9850.0 ,0.05499999999999999 ,0.30000000000000016 ,-0.00476201484587109
9840.0 ,0.06999999999999999 ,0.43000000000000027 ,0.020935842591169172
9830.0 ,0.2150000000000001 ,0.6000000000000004 ,0.01950867351327981
9820.0 ,0.02 ,0.6500000000000005 ,0.07701845169585303
9810.0 ,0.24000000000000013 ,0.5350000000000004 ,8.815065644793285E-4
9800.0 ,0.30500000000000016 ,0.7550000000000006 ,-0.2181720795692127
9790.0 ,0.17000000000000007 ,0.8200000000000006 ,-0.196700949186143
9780.0 ,0.2600000000000001 ,0.9800000000000008 ,-0.21178130228085504
9770.0 ,0.2000000000000001 ,0.8450000000000006 ,-0.20196241265333734
9760.0 ,0.3200000000000002 ,0.8350000000000006 ,-0.21998257368123864
9750.0 ,0.2200000000000001 ,0.8000000000000006 ,-0.20541277881648715
9740.0 ,0.0 ,0.9650000000000007 ,0.35863881263027864
9730.0 ,0.14500000000000005 ,0.9700000000000008 ,-0.1920292013210282
9720.0 ,0.0 ,0.8350000000000006 ,0.4492696555954557
9710.0 ,0.0 ,1.0 ,0.3567617800661102
9700.0 ,0.0 ,0.9850000000000008 ,0.3576221179446215
9690.0 ,0.0 ,1.0 ,0.3567617800661102
9680.0 ,0.0 ,1.0 ,0.3567617800661102
9670.0 ,0.0 ,0.7950000000000006 ,0.4466223948161695
9660.0 ,0.0 ,0.6900000000000005 ,0.43894087855325387
9650.0 ,0.0 ,0.4900000000000003 ,0.05115901342289293
9640.0 ,0.06999999999999999 ,0.27500000000000013 ,-0.014421407328732622
9630.0 ,0.10500000000000002 ,0.16500000000000006 ,-0.049853915736379976
9620.0 ,0.2550000000000001 ,0.30500000000000016 ,-0.052882393053331145
9610.0 ,0.3700000000000002 ,0.2600000000000001 ,-0.0903767962341574
9600.0 ,0.5550000000000004 ,0.29500000000000015 ,-0.12119854931124466
9590.0 ,0.3400000000000002 ,0.39000000000000024 ,-0.05340604532859311
9580.0 ,0.22500000000000012 ,0.6250000000000004 ,0.021704978152529655
9570.0 ,0.3500000000000002 ,0.6850000000000005 ,0.053802493187881245
9560.0 ,0.14000000000000004 ,0.6650000000000005 ,0.04972815008457602
9550.0 ,0.18500000000000008 ,0.4750000000000003 ,0.0019954278908984394
9540.0 ,0.30000000000000016 ,0.5850000000000004 ,-0.0036728985505501827
9530.0 ,0.11500000000000003 ,0.6400000000000005 ,0.05150505782486213
9520.0 ,0.0 ,0.6200000000000004 ,0.07658772237796158
9510.0 ,0.0 ,0.4550000000000003 ,0.043802655027003215
9500.0 ,0.045 ,0.5450000000000004 ,0.051052259894729904
9490.0 ,0.0 ,0.3250000000000002 ,0.014815698381509465
9480.0 ,0.06999999999999999 ,0.4500000000000003 ,0.025246216260462633
9470.0 ,0.27000000000000013 ,0.3250000000000002 ,-0.05180341073121777
9460.0 ,0.41500000000000026 ,0.12000000000000004 ,-0.13467285457541045
9450.0 ,0.18500000000000008 ,0.16000000000000006 ,-0.07089852579248071
9440.0 ,0.2000000000000001 ,0.0 ,-0.11445254300866042
9430.0 ,0.41000000000000025 ,0.085 ,-0.14229877056404633
9420.0 ,0.28500000000000014 ,0.06499999999999999 ,-0.11868385028364184
9410.0 ,0.31000000000000016 ,0.0 ,-0.14080516775942872
9400.0 ,0.3700000000000002 ,0.01 ,-0.1521130912443115
9390.0 ,0.5350000000000004 ,0.049999999999999996 ,-0.1773014397582725
9380.0 ,0.5650000000000004 ,0.049999999999999996 ,-0.18319963878007112
9370.0 ,0.7150000000000005 ,0.09500000000000001 ,-0.1989195958609293
9360.0 ,0.7000000000000005 ,0.2200000000000001 ,-0.1655639209169366
9350.0 ,0.5200000000000004 ,0.40500000000000025 ,-0.08909093966711856
9340.0 ,0.3200000000000002 ,0.6300000000000004 ,1.8457690043507946E-5
9330.0 ,0.19000000000000009 ,0.5000000000000003 ,0.005959948479526626
9320.0 ,0.0 ,0.5700000000000004 ,0.06717290591823366
9310.0 ,0.0 ,0.42000000000000026 ,0.03624583099537064
9300.0 ,0.14500000000000005 ,0.3600000000000002 ,-0.013311225647991986
9290.0 ,0.10000000000000002 ,0.49500000000000033 ,0.027213801680229126
9280.0 ,0.27000000000000013 ,0.5200000000000004 ,-0.009321377528426163
9270.0 ,0.1950000000000001 ,0.5400000000000004 ,0.012814350841444583
9260.0 ,0.0 ,0.4600000000000003 ,0.0448660729301244
9250.0 ,0.12000000000000004 ,0.6050000000000004 ,0.043851392277317
9240.0 ,0.2200000000000001 ,0.5850000000000004 ,0.015461505582673438
9230.0 ,0.049999999999999996 ,0.4600000000000003 ,0.03237647919065441
9220.0 ,0.05499999999999999 ,0.31000000000000016 ,-0.0024177972902005994
9210.0 ,0.0 ,0.10000000000000002 ,-0.03976250338442092
9200.0 ,0.04 ,0.0 ,-0.07473136793283104
9190.0 ,0.16500000000000006 ,0.17000000000000007 ,-0.06350879352904223
9180.0 ,0.09500000000000001 ,0.24500000000000013 ,-0.027842753610867032
9170.0 ,0.14500000000000005 ,0.16000000000000006 ,-0.06103088238129817
9160.0 ,0.06499999999999999 ,0.0 ,-0.0809810033781411
9150.0 ,0.10000000000000002 ,0.22500000000000012 ,-0.03392249514416587
9140.0 ,0.2200000000000001 ,0.15000000000000005 ,-0.08191995367482566
9130.0 ,0.3500000000000002 ,0.19000000000000009 ,-0.10279673200664416
9120.0 ,0.15500000000000005 ,0.0 ,-0.10338523938999356
9110.0 ,0.29000000000000015 ,0.06999999999999999 ,-0.1186162948080027
9100.0 ,0.3200000000000002 ,0.045 ,-0.1318978893148493
9090.0 ,0.5150000000000003 ,0.14000000000000004 ,-0.1508398874230572
9080.0 ,0.43000000000000027 ,0.3500000000000002 ,-0.08259040464497597
9070.0 ,0.6400000000000005 ,0.38500000000000023 ,-0.11646401314376707
9060.0 ,0.6850000000000005 ,0.3400000000000002 ,-0.13457936165201656
9050.0 ,0.6750000000000005 ,0.38500000000000023 ,-0.12264004184923026
9040.0 ,0.7950000000000006 ,0.17000000000000007 ,-0.1929240025200124
9030.0 ,0.8100000000000006 ,0.28500000000000014 ,-0.24342893940380206
9020.0 ,0.8800000000000007 ,0.1950000000000001 ,-0.2975545482625984
9010.0 ,1.0 ,0.2200000000000001 ,-0.3006527779629313
9000.0 ,1.0 ,0.3450000000000002 ,-0.27961478494185665
8990.0 ,1.0 ,0.42000000000000026 ,-0.24319156108893775
8980.0 ,1.0 ,0.4500000000000003 ,-0.23092062598657503
8970.0 ,0.8200000000000006 ,0.2650000000000001 ,-0.2541660155096336
8960.0 ,0.6850000000000005 ,0.4650000000000003 ,-0.17519985319152626
8950.0 ,0.6800000000000005 ,0.3450000000000002 ,-0.13257217190606613
8940.0 ,0.8300000000000006 ,0.4650000000000003 ,-0.20446556232076932
8930.0 ,0.7700000000000006 ,0.5800000000000004 ,-0.1586864811695805
8920.0 ,0.6750000000000005 ,0.39500000000000024 ,-0.12040815807479635
8910.0 ,0.5200000000000004 ,0.3500000000000002 ,-0.10146336645865514
8900.0 ,0.6300000000000004 ,0.40000000000000024 ,-0.11131416220073312
8890.0 ,0.5350000000000004 ,0.4450000000000003 ,-0.08338577446685225
8880.0 ,0.7050000000000005 ,0.3250000000000002 ,-0.141430473296691
8870.0 ,0.5600000000000004 ,0.4650000000000003 ,-0.08405052568470325
8860.0 ,0.6850000000000005 ,0.6850000000000005 ,-0.11690699590077419
8850.0 ,0.5950000000000004 ,0.6250000000000004 ,-0.10144486594254659
8840.0 ,0.40500000000000025 ,0.5750000000000004 ,-0.029554821176718177
8830.0 ,0.2550000000000001 ,0.5250000000000004 ,-0.004728041276114203
8820.0 ,0.29500000000000015 ,0.31000000000000016 ,-0.061221023878308196
8810.0 ,0.4700000000000003 ,0.09500000000000001 ,-0.1527318864687303
8800.0 ,0.6000000000000004 ,0.15500000000000005 ,-0.16371778887375715
8790.0 ,0.6400000000000005 ,0.31000000000000016 ,-0.13364170958864552
8780.0 ,0.7700000000000006 ,0.24000000000000013 ,-0.17203246511555587
8770.0 ,0.6850000000000005 ,0.06499999999999999 ,-0.20136334604411493
8760.0 ,0.6400000000000005 ,0.09000000000000001 ,-0.18722092266745244
8750.0 ,0.6450000000000005 ,0.2650000000000001 ,-0.14517538876175207
8740.0 ,0.5050000000000003 ,0.24000000000000013 ,-0.12430522077243043
8730.0 ,0.5250000000000004 ,0.05499999999999999 ,-0.17404929029135502
8720.0 ,0.4700000000000003 ,0.12000000000000004 ,-0.1465028262855231
8710.0 ,0.2600000000000001 ,0.23500000000000013 ,-0.07075382657933403
8700.0 ,0.4500000000000003 ,0.09500000000000001 ,-0.14848651903126714
8690.0 ,0.30000000000000016 ,0.0 ,-0.13846095020375823
8680.0 ,0.5150000000000003 ,0.18500000000000008 ,-0.13973288112712007
8670.0 ,0.4450000000000003 ,0.22500000000000012 ,-0.1153485666961161
8660.0 ,0.6550000000000005 ,0.30000000000000016 ,-0.1386614997857346
8650.0 ,0.7600000000000006 ,0.2500000000000001 ,-0.168067069011346
8640.0 ,0.7750000000000006 ,0.2200000000000001 ,-0.17764564638800082
8630.0 ,0.9850000000000008 ,0.14000000000000004 ,-0.3397361221342755
8620.0 ,1.0 ,0.0 ,-0.4148135590147807
8610.0 ,0.9650000000000007 ,0.06999999999999999 ,-0.3743420586935214
8600.0 ,1.0 ,0.025 ,-0.40201584930460965
8590.0 ,0.8100000000000006 ,0.0 ,-0.23750052489916756
8580.0 ,0.9550000000000007 ,0.0 ,-0.40940698948987
8570.0 ,0.9250000000000007 ,0.0 ,-0.4054368519022361
8560.0 ,0.7350000000000005 ,0.11500000000000003 ,-0.1972046144541364
8550.0 ,0.6850000000000005 ,0.27500000000000013 ,-0.1497934478448141
8540.0 ,0.6700000000000005 ,0.4650000000000003 ,-0.17124233973559466
8530.0 ,0.6450000000000005 ,0.3450000000000002 ,-0.12642965013043145
8520.0 ,0.4850000000000003 ,0.3450000000000002 ,-0.09543196701520557
8510.0 ,0.3450000000000002 ,0.3700000000000002 ,-0.05904753340740217
8500.0 ,0.4550000000000003 ,0.5100000000000003 ,-0.053275390163760095
8490.0 ,0.5500000000000004 ,0.41000000000000025 ,-0.09396747164448313
8480.0 ,0.5850000000000004 ,0.40500000000000025 ,-0.10183956887266463
8470.0 ,0.7650000000000006 ,0.22500000000000012 ,-0.17488355928808771
8460.0 ,0.9450000000000007 ,0.12000000000000004 ,-0.3453863395093629
8450.0 ,0.9750000000000008 ,0.030000000000000002 ,-0.39651248969533215
8440.0 ,0.8800000000000007 ,0.0 ,-0.39886882489205117
8430.0 ,0.9350000000000007 ,0.04 ,-0.38624714961732753
8420.0 ,1.0 ,0.12500000000000003 ,-0.34932932632186664
8410.0 ,0.8400000000000006 ,0.18500000000000008 ,-0.29622172169571714
8400.0 ,0.8200000000000006 ,0.035 ,-0.23022377224911283
8390.0 ,0.6950000000000005 ,0.015 ,-0.21556171428529858
8380.0 ,0.6400000000000005 ,0.2000000000000001 ,-0.15999433433941385
8370.0 ,0.4450000000000003 ,0.030000000000000002 ,-0.16365668959476387
8360.0 ,0.40500000000000025 ,0.13000000000000003 ,-0.12998482849001242
8350.0 ,0.5550000000000004 ,0.22500000000000012 ,-0.13794297602412472
8340.0 ,0.6850000000000005 ,0.2550000000000001 ,-0.1545691253952402
8330.0 ,0.7100000000000005 ,0.10000000000000002 ,-0.19684295038501742
8320.0 ,0.5800000000000004 ,0.2150000000000001 ,-0.14520727509378573
8310.0 ,0.7250000000000005 ,0.11500000000000003 ,-0.19557935176922797
8300.0 ,0.9100000000000007 ,0.3200000000000002 ,-0.28406847503782867
8290.0 ,1.0 ,0.3500000000000002 ,-0.2769182675999735
8280.0 ,1.0 ,0.5300000000000004 ,-0.20367324367752557
8270.0 ,0.8700000000000007 ,0.41000000000000025 ,-0.2327150378276781
8260.0 ,0.8850000000000007 ,0.24500000000000013 ,-0.27392688020315276
8250.0 ,1.0 ,0.17500000000000007 ,-0.3232548171381796
8240.0 ,1.0 ,0.30500000000000016 ,-0.26153323042410187
8230.0 ,0.9100000000000007 ,0.2600000000000001 ,-0.2705037760422735
8220.0 ,0.9950000000000008 ,0.3600000000000002 ,-0.2711692072235059
8210.0 ,0.8650000000000007 ,0.3700000000000002 ,-0.2510082988245313
8200.0 ,1.0 ,0.3700000000000002 ,-0.26652087120473533
8190.0 ,0.9900000000000008 ,0.3700000000000002 ,-0.26556832004846204
8180.0 ,0.8250000000000006 ,0.42000000000000026 ,-0.22167121522592817
8170.0 ,0.6750000000000005 ,0.3500000000000002 ,-0.13056346833780877
8160.0 ,0.7800000000000006 ,0.24500000000000013 ,-0.17236667860805732
8150.0 ,0.7900000000000006 ,0.11000000000000003 ,-0.207045955334584
8140.0 ,0.7250000000000005 ,0.0 ,-0.22429609870235734
8130.0 ,0.7100000000000005 ,0.0 ,-0.2218221378639574
8120.0 ,0.6200000000000004 ,0.0 ,-0.2060711041046834
8110.0 ,0.5600000000000004 ,0.0 ,-0.19471758433609038
8100.0 ,0.4850000000000003 ,0.15000000000000005 ,-0.1421975412061675
8090.0 ,0.4700000000000003 ,0.30500000000000016 ,-0.10157106163041567
8080.0 ,0.3600000000000002 ,0.41500000000000026 ,-0.05244832885911767
8070.0 ,0.40500000000000025 ,0.3300000000000002 ,-0.08171600062701205
8060.0 ,0.5650000000000004 ,0.38500000000000023 ,-0.10244805917859483
8050.0 ,0.5000000000000003 ,0.2150000000000001 ,-0.12933675375494483
8040.0 ,0.5600000000000004 ,0.3300000000000002 ,-0.11400172045583719
8030.0 ,0.6200000000000004 ,0.14000000000000004 ,-0.17114206417842337
8020.0 ,0.5050000000000003 ,0.23500000000000013 ,-0.12551228302311174
8010.0 ,0.4800000000000003 ,0.12000000000000004 ,-0.14860054545661947
8000.0 ,0.9650000000000007 ,0.09000000000000001 ,-0.3637637763098952
7990.0 ,1.0 ,0.015 ,-0.40716695312566553
7980.0 ,1.0 ,0.2000000000000001 ,-0.3105682833638315
7970.0 ,0.9900000000000008 ,0.30500000000000016 ,-0.260434883556523
7960.0 ,0.8200000000000006 ,0.29500000000000015 ,-0.24084007417738013
7950.0 ,0.9150000000000007 ,0.17000000000000007 ,-0.3153063924561914
7940.0 ,0.9100000000000007 ,0.045 ,-0.38019757786339237
7930.0 ,1.0 ,0.15000000000000005 ,-0.33620061618311076
7920.0 ,0.8150000000000006 ,0.2600000000000001 ,-0.25557097215530533
7910.0 ,0.7950000000000006 ,0.28500000000000014 ,-0.24067767473214685
7900.0 ,0.8500000000000006 ,0.11500000000000003 ,-0.3341568945993628
7890.0 ,1.0 ,0.14000000000000004 ,-0.34143461466912717
7880.0 ,0.8400000000000006 ,0.28000000000000014 ,-0.2508250359308656
7870.0 ,0.8200000000000006 ,0.18500000000000008 ,-0.19292760099107548
7860.0 ,0.6450000000000005 ,0.09500000000000001 ,-0.18686981058173233
7850.0 ,0.8150000000000006 ,0.0 ,-0.23823444170970773
7840.0 ,0.9050000000000007 ,0.0 ,-0.4026127288060981
7830.0 ,1.0 ,0.0 ,-0.4148135590147807
7820.0 ,0.9600000000000007 ,0.0 ,-0.41003917988420835
7810.0 ,1.0 ,0.11500000000000003 ,-0.3546139298807505
7800.0 ,1.0 ,0.0 ,-0.4148135590147807
7790.0 ,1.0 ,0.0 ,-0.4148135590147807
7780.0 ,1.0 ,0.0 ,-0.4148135590147807
7770.0 ,1.0 ,0.0 ,-0.4148135590147807
7760.0 ,1.0 ,0.02 ,-0.4045963378892874
7750.0 ,0.9300000000000007 ,0.0 ,-0.40612020236583046
7740.0 ,0.7550000000000006 ,0.0 ,-0.2291142564199414
7730.0 ,0.7700000000000006 ,0.16000000000000006 ,-0.19157939902901985
7720.0 ,0.7000000000000005 ,0.16000000000000006 ,-0.1802695648310329
7710.0 ,0.6850000000000005 ,0.3500000000000002 ,-0.13228491170652737
7700.0 ,0.8050000000000006 ,0.2650000000000001 ,-0.2514808942202392
7690.0 ,0.8300000000000006 ,0.27500000000000013 ,-0.2513747170110854
7680.0 ,0.7050000000000005 ,0.42000000000000026 ,-0.1982144166068908
7670.0 ,0.5500000000000004 ,0.5250000000000004 ,-0.10997982511956482
7660.0 ,0.5200000000000004 ,0.5250000000000004 ,-0.06373393056012128
7650.0 ,0.6050000000000004 ,0.5400000000000004 ,-0.12659677877368042
7640.0 ,0.5000000000000003 ,0.7200000000000005 ,-0.0417564795696108
7630.0 ,0.40000000000000024 ,0.7250000000000005 ,0.02120369470043293
7620.0 ,0.30000000000000016 ,0.6750000000000005 ,-0.21749126375754713
7610.0 ,0.4700000000000003 ,0.7400000000000005 ,-0.022064234990293197
7600.0 ,0.5650000000000004 ,0.6600000000000005 ,-0.08260547744233535
7590.0 ,0.7050000000000005 ,0.5950000000000004 ,-0.14097101748796828
7580.0 ,0.6000000000000004 ,0.6400000000000005 ,-0.09997403089885967
7570.0 ,0.5300000000000004 ,0.6400000000000005 ,-0.07164884469137109
7560.0 ,0.6700000000000005 ,0.6200000000000004 ,-0.1261598817028488
7550.0 ,0.5800000000000004 ,0.5950000000000004 ,-0.10287338965575016
7540.0 ,0.4350000000000003 ,0.7300000000000005 ,-0.002222258794805143
7530.0 ,0.5300000000000004 ,0.6400000000000005 ,-0.07164884469137109
7520.0 ,0.5900000000000004 ,0.6450000000000005 ,-0.09531336810927687
7510.0 ,0.6050000000000004 ,0.5850000000000004 ,-0.11443081545631442
7500.0 ,0.4800000000000003 ,0.6050000000000004 ,-0.05429527337550055
7490.0 ,0.39500000000000024 ,0.7700000000000006 ,0.03211632362406555
7480.0 ,0.4850000000000003 ,0.7300000000000005 ,-0.032115385294220145
7470.0 ,0.3550000000000002 ,0.6550000000000005 ,0.0435612465851733
7460.0 ,0.2100000000000001 ,0.6550000000000005 ,0.030745657585565363
7450.0 ,0.08 ,0.5850000000000004 ,0.050059016240672105
7440.0 ,0.17500000000000007 ,0.5400000000000004 ,0.017724166864304853
7430.0 ,0.27500000000000013 ,0.5600000000000004 ,-0.0025750081047124576
7420.0 ,0.14000000000000004 ,0.6050000000000004 ,0.03888341866963422
7410.0 ,0.17000000000000007 ,0.7200000000000005 ,-0.19658719703232924
7400.0 ,0.22500000000000012 ,0.6100000000000004 ,0.0189438779024481
7390.0 ,0.05999999999999999 ,0.5600000000000004 ,0.0502446921998987
7380.0 ,0.025 ,0.42500000000000027 ,0.031096356966440798
7370.0 ,0.0 ,0.4350000000000003 ,0.03950834974426695
7360.0 ,0.11500000000000003 ,0.5750000000000004 ,0.03941860553405678
7350.0 ,0.14500000000000005 ,0.5500000000000004 ,0.027108789380096924
7340.0 ,0.2000000000000001 ,0.40500000000000025 ,-0.016762369364756086
7330.0 ,0.22500000000000012 ,0.28500000000000014 ,-0.05035860212643486
7320.0 ,0.3800000000000002 ,0.4500000000000003 ,-0.04938464452524739
7310.0 ,0.5200000000000004 ,0.38500000000000023 ,-0.09353993997007663
7300.0 ,0.4650000000000003 ,0.5400000000000004 ,-0.04936504760471318
7290.0 ,0.4500000000000003 ,0.6250000000000004 ,-0.032127836436175644
7280.0 ,0.5600000000000004 ,0.6600000000000005 ,-0.08056725402124731
7270.0 ,0.4350000000000003 ,0.5750000000000004 ,-0.03611468814044168
7260.0 ,0.5400000000000004 ,0.4600000000000003 ,-0.08117762897991043
7250.0 ,0.5900000000000004 ,0.6050000000000004 ,-0.10420894771740344
7240.0 ,0.7200000000000005 ,0.7050000000000005 ,-0.12186034485614085
7230.0 ,0.7350000000000005 ,0.5600000000000004 ,-0.15677678760455702
7220.0 ,0.7500000000000006 ,0.4550000000000003 ,-0.19388959122681995
7210.0 ,0.8700000000000007 ,0.3800000000000002 ,-0.2467273847776801
7200.0 ,0.8450000000000006 ,0.29000000000000015 ,-0.24724146631742377
7190.0 ,0.8150000000000006 ,0.24500000000000013 ,-0.2625445357641761
7180.0 ,0.7600000000000006 ,0.3250000000000002 ,-0.21691374931087076
7170.0 ,0.8200000000000006 ,0.31500000000000017 ,-0.2323626026758841
7160.0 ,0.8050000000000006 ,0.3800000000000002 ,-0.23679593346475675
7150.0 ,0.7900000000000006 ,0.5500000000000004 ,-0.17037122603555016
7140.0 ,0.6450000000000005 ,0.5350000000000004 ,-0.1409081689914598
7130.0 ,0.6050000000000004 ,0.7100000000000005 ,-0.08829390512253682
7120.0 ,0.5500000000000004 ,0.6950000000000005 ,-0.06968629359263978
7110.0 ,0.4600000000000003 ,0.6150000000000004 ,-0.04047061485539105
7100.0 ,0.6100000000000004 ,0.6050000000000004 ,-0.11127818220330643
7090.0 ,0.4550000000000003 ,0.7650000000000006 ,-0.009259346928733592
7080.0 ,0.30000000000000016 ,0.8800000000000007 ,-0.21737642361332768
7070.0 ,0.18500000000000008 ,0.7150000000000005 ,-0.1992627718484987
7060.0 ,0.2650000000000001 ,0.8550000000000006 ,-0.21246968293312002
7050.0 ,0.31500000000000017 ,0.7800000000000006 ,-0.21943583341783954
7040.0 ,0.2600000000000001 ,0.9450000000000007 ,-0.2117318360552511
7030.0 ,0.41500000000000026 ,0.8300000000000006 ,0.026001760946059105
7020.0 ,0.4400000000000003 ,0.7850000000000006 ,0.00308066061554918
7010.0 ,0.30000000000000016 ,0.6150000000000004 ,0.0019480930831103777
7000.0 ,1.0 ,0.11000000000000003 ,-0.3572606645663956
6990.0 ,1.0 ,0.13500000000000004 ,-0.34406100916112675
6980.0 ,1.0 ,0.09000000000000001 ,-0.36786135175817686
6970.0 ,0.9750000000000008 ,0.2200000000000001 ,-0.2978175739091355
6960.0 ,1.0 ,0.05999999999999999 ,-0.3837286966569501
6950.0 ,1.0 ,0.19000000000000009 ,-0.3156071602668029
6940.0 ,1.0 ,0.24000000000000013 ,-0.2909798685012236
6930.0 ,1.0 ,0.27000000000000013 ,-0.27698614632715157
6920.0 ,0.8800000000000007 ,0.3550000000000002 ,-0.2608071580563724
6910.0 ,0.8250000000000006 ,0.4450000000000003 ,-0.2113385355503061
6900.0 ,0.7950000000000006 ,0.4650000000000003 ,-0.19865214842102893
6890.0 ,0.7950000000000006 ,0.4400000000000003 ,-0.20832014834440643
6880.0 ,0.9300000000000007 ,0.3700000000000002 ,-0.25924668688709956
6870.0 ,1.0 ,0.38500000000000023 ,-0.2591280814409007
6860.0 ,1.0 ,0.27500000000000013 ,-0.27471885204941077
6850.0 ,1.0 ,0.12000000000000004 ,-0.35196992615154105
6840.0 ,0.9950000000000008 ,0.13500000000000004 ,-0.34350174925203425
6830.0 ,0.9350000000000007 ,0.19000000000000009 ,-0.3077994160857174
6820.0 ,0.8200000000000006 ,0.17500000000000007 ,-0.19538580303090358
6810.0 ,0.8200000000000006 ,0.12000000000000004 ,-0.20900258089469542
6800.0 ,0.8050000000000006 ,0.2600000000000001 ,-0.2537678996030736
6790.0 ,0.6500000000000005 ,0.12500000000000003 ,-0.18028915994099504
6780.0 ,0.6100000000000004 ,0.16500000000000006 ,-0.1631121217885572
6770.0 ,0.5650000000000004 ,0.15500000000000005 ,-0.15704568399290847
6760.0 ,0.5600000000000004 ,0.11000000000000003 ,-0.1672459647143345
6750.0 ,0.5000000000000003 ,0.0 ,-0.18270603591533296
6740.0 ,0.5550000000000004 ,0.0 ,-0.19374135922225977
6730.0 ,0.6450000000000005 ,0.005 ,-0.20935463537353244
6720.0 ,0.6750000000000005 ,0.06999999999999999 ,-0.1983922880107238
6710.0 ,0.5850000000000004 ,0.0 ,-0.19952974251656896
6700.0 ,0.4900000000000003 ,0.0 ,-0.18064239514961478
6690.0 ,0.3550000000000002 ,0.0 ,-0.1512016856431561
6680.0 ,0.31000000000000016 ,0.10000000000000002 ,-0.11582598028048874
6670.0 ,0.3500000000000002 ,0.0 ,-0.15005943771572866
6660.0 ,0.3600000000000002 ,0.0 ,-0.1523405588897445
6650.0 ,0.24000000000000013 ,0.0 ,-0.1241678360699023
6640.0 ,0.15000000000000005 ,0.085 ,-0.08091226068640503
6630.0 ,0.15000000000000005 ,0.0 ,-0.10214828325906988
6620.0 ,0.11000000000000003 ,0.015 ,-0.08847014557884166
6610.0 ,0.2200000000000001 ,0.025 ,-0.11308565057316979
6600.0 ,0.06499999999999999 ,0.0 ,-0.0809810033781411
6590.0 ,0.2200000000000001 ,0.045 ,-0.10808694191450212
6580.0 ,0.2650000000000001 ,0.04 ,-0.12017844174924111
6570.0 ,0.2550000000000001 ,0.0 ,-0.12777522402701583
6560.0 ,0.2150000000000001 ,0.16000000000000006 ,-0.07823176173067166
6550.0 ,0.2500000000000001 ,0.05499999999999999 ,-0.11283553133614946
6540.0 ,0.40500000000000025 ,0.0 ,-0.16243186450726527
6530.0 ,0.5000000000000003 ,0.0 ,-0.18270603591533296
6520.0 ,0.3600000000000002 ,0.09000000000000001 ,-0.12985629507248359
6510.0 ,0.4400000000000003 ,0.0 ,-0.17007134157195788
6500.0 ,0.4700000000000003 ,0.0 ,-0.17646389260410034
6490.0 ,0.40000000000000024 ,0.0 ,-0.161325170686914
6480.0 ,0.4800000000000003 ,0.09500000000000001 ,-0.15482960563982665
6470.0 ,0.4500000000000003 ,0.075 ,-0.15348023318506204
6460.0 ,0.5200000000000004 ,0.12500000000000003 ,-0.15557659689967812
6450.0 ,0.5300000000000004 ,0.14000000000000004 ,-0.15386314723876587
6440.0 ,0.49500000000000033 ,0.2650000000000001 ,-0.11624994293054064
6430.0 ,0.3750000000000002 ,0.31500000000000017 ,-0.07850536621641288
6420.0 ,0.3450000000000002 ,0.2100000000000001 ,-0.09676213763618709
6410.0 ,0.3600000000000002 ,0.11000000000000003 ,-0.12486893926798862
6400.0 ,0.2050000000000001 ,0.2050000000000001 ,-0.06474169086336092
6390.0 ,0.27500000000000013 ,0.1950000000000001 ,-0.0840632413722126
6380.0 ,0.14500000000000005 ,0.2050000000000001 ,-0.04997786936888238
6370.0 ,0.18500000000000008 ,0.3550000000000002 ,-0.024317742305762925
6360.0 ,0.28500000000000014 ,0.4400000000000003 ,-0.02959351208982506
6350.0 ,0.30500000000000016 ,0.3650000000000002 ,-0.05090019700120331
6340.0 ,0.3500000000000002 ,0.3300000000000002 ,-0.06934357383547547
6330.0 ,0.4400000000000003 ,0.27500000000000013 ,-0.10226213085787686
6320.0 ,0.4750000000000003 ,0.41500000000000026 ,-0.07762262580919062
6310.0 ,0.5550000000000004 ,0.3700000000000002 ,-0.10387503517963009
6300.0 ,0.4500000000000003 ,0.4450000000000003 ,-0.06581326613574694
6290.0 ,0.5650000000000004 ,0.3800000000000002 ,-0.10356944455437835
6280.0 ,0.4450000000000003 ,0.3450000000000002 ,-0.08697478330758023
6270.0 ,0.5100000000000003 ,0.28500000000000014 ,-0.11457086551826473
6260.0 ,0.5550000000000004 ,0.17500000000000007 ,-0.1501635150398907
6250.0 ,0.6350000000000005 ,0.085 ,-0.18756776989359383
6240.0 ,0.5900000000000004 ,0.11500000000000003 ,-0.1717615293385327
6230.0 ,0.5500000000000004 ,0.19000000000000009 ,-0.14549786820874888
6220.0 ,0.6200000000000004 ,0.23500000000000013 ,-0.14785202114882334
6210.0 ,0.6850000000000005 ,0.17500000000000007 ,-0.17402481437652606
6200.0 ,0.7300000000000005 ,0.17500000000000007 ,-0.18153328927841603
6190.0 ,0.7050000000000005 ,0.15500000000000005 ,-0.18234431401492873
6180.0 ,0.6800000000000005 ,0.24000000000000013 ,-0.15731819328619567
6170.0 ,0.7600000000000006 ,0.27000000000000013 ,-0.1632813836943148
6160.0 ,0.8450000000000006 ,0.15500000000000005 ,-0.31242035456036055
6150.0 ,0.7900000000000006 ,0.02 ,-0.22952573202657492
6140.0 ,0.8750000000000007 ,0.14000000000000004 ,-0.32502558609242393
6130.0 ,1.0 ,0.2650000000000001 ,-0.2792725790446699
6120.0 ,1.0 ,0.3650000000000002 ,-0.26906204520902516
6110.0 ,1.0 ,0.4900000000000003 ,-0.21637640492529445
6100.0 ,0.9050000000000007 ,0.3700000000000002 ,-0.2562678397065218
6090.0 ,1.0 ,0.23500000000000013 ,-0.2933737410539192
6080.0 ,0.9750000000000008 ,0.2500000000000001 ,-0.2834204143898095
6070.0 ,0.8650000000000007 ,0.24500000000000013 ,-0.27088804686566287
6060.0 ,0.7650000000000006 ,0.3300000000000002 ,-0.2159123567755131
6050.0 ,0.6600000000000005 ,0.24000000000000013 ,-0.15383691410968148
6040.0 ,0.6350000000000005 ,0.29500000000000015 ,-0.1362609825552436
6030.0 ,0.5500000000000004 ,0.27000000000000013 ,-0.12614146480510616
6020.0 ,0.4650000000000003 ,0.2000000000000001 ,-0.1256978973694485
6010.0 ,0.42500000000000027 ,0.27000000000000013 ,-0.10020152507780022
6000.0 ,1.0 ,0.10500000000000002 ,-0.35990945391486096
5990.0 ,0.8600000000000007 ,0.2000000000000001 ,-0.2919548778064285
5980.0 ,0.7550000000000006 ,0.11000000000000003 ,-0.20164263679818553
5970.0 ,0.8950000000000007 ,0.06499999999999999 ,-0.367543834807885
5960.0 ,0.8500000000000006 ,0.11500000000000003 ,-0.3341568945993628
5950.0 ,0.7400000000000005 ,0.049999999999999996 ,-0.2142371909880963
5940.0 ,0.8800000000000007 ,0.12500000000000003 ,-0.3336530591964144
5930.0 ,0.9250000000000007 ,0.2500000000000001 ,-0.27718891774120247
5920.0 ,0.9200000000000007 ,0.2600000000000001 ,-0.27186758985008297
5910.0 ,0.8650000000000007 ,0.31500000000000017 ,-0.23975650060477444
5900.0 ,0.7950000000000006 ,0.39000000000000024 ,-0.23024695113663332
5890.0 ,0.9350000000000007 ,0.3800000000000002 ,-0.25484663835278426
5880.0 ,1.0 ,0.38500000000000023 ,-0.2591280814409007
5870.0 ,0.9550000000000007 ,0.4650000000000003 ,-0.22071263696958418
5860.0 ,1.0 ,0.38500000000000023 ,-0.2591280814409007
5850.0 ,0.9950000000000008 ,0.3350000000000002 ,-0.28465230056835605
5840.0 ,1.0 ,0.28500000000000014 ,-0.270242901958425
5830.0 ,1.0 ,0.23000000000000012 ,-0.2957841423925883
5820.0 ,1.0 ,0.19000000000000009 ,-0.3156071602668029
5810.0 ,0.9500000000000007 ,0.16000000000000006 ,-0.32508418917181114
5800.0 ,0.9250000000000007 ,0.09500000000000001 ,-0.35595692429970727
5790.0 ,0.9900000000000008 ,0.09000000000000001 ,-0.36672820415326934
5780.0 ,0.8650000000000007 ,0.14500000000000005 ,-0.3208570816724563
5770.0 ,0.8200000000000006 ,0.19000000000000009 ,-0.19170094150418812
5760.0 ,0.6950000000000005 ,0.09500000000000001 ,-0.19557287305620366
5750.0 ,0.7500000000000006 ,0.14500000000000005 ,-0.19215482607110718
5740.0 ,0.8450000000000006 ,0.12000000000000004 ,-0.21257826981724437
5730.0 ,0.8000000000000006 ,0.0 ,-0.23601852269965284
5720.0 ,0.7450000000000006 ,0.13000000000000003 ,-0.1950803701612439
5710.0 ,0.8100000000000006 ,0.085 ,-0.2162645023265027
5700.0 ,0.9100000000000007 ,0.12500000000000003 ,-0.3380450087746949
5690.0 ,1.0 ,0.08 ,-0.37316040609652135
5680.0 ,0.9800000000000008 ,0.09500000000000001 ,-0.3629161834277421
5670.0 ,1.0 ,0.09500000000000001 ,-0.3652104789572285
5660.0 ,1.0 ,0.05499999999999999 ,-0.38636061454591764
5650.0 ,1.0 ,0.0 ,-0.4148135590147807
5640.0 ,1.0 ,0.049999999999999996 ,-0.38898713309342137
5630.0 ,0.8850000000000007 ,0.0 ,-0.3996373098762599
5620.0 ,0.8000000000000006 ,0.0 ,-0.23601852269965284
5610.0 ,0.9000000000000007 ,0.04 ,-0.38136177298038076
5600.0 ,0.9700000000000008 ,0.16000000000000006 ,-0.3275415319954717
5590.0 ,1.0 ,0.025 ,-0.40201584930460965
5580.0 ,0.9600000000000007 ,0.035 ,-0.3920769073475892
5570.0 ,1.0 ,0.0 ,-0.4148135590147807
5560.0 ,0.9350000000000007 ,0.0 ,-0.40679472854489374
5550.0 ,1.0 ,0.06499999999999999 ,-0.38109204492974247
5540.0 ,1.0 ,0.0 ,-0.4148135590147807
5530.0 ,1.0 ,0.0 ,-0.4148135590147807
5520.0 ,1.0 ,0.0 ,-0.4148135590147807
5510.0 ,0.9650000000000007 ,0.015 ,-0.4030254491557268
5500.0 ,1.0 ,0.0 ,-0.4148135590147807
5490.0 ,0.9700000000000008 ,0.09000000000000001 ,-0.3643721213171094
5480.0 ,0.9950000000000008 ,0.14500000000000005 ,-0.338255819735115
5470.0 ,1.0 ,0.14500000000000005 ,-0.33881426839914
5460.0 ,0.8700000000000007 ,0.18000000000000008 ,-0.3036036398333834
5450.0 ,0.9150000000000007 ,0.18500000000000008 ,-0.3076478383908806
5440.0 ,0.8100000000000006 ,0.17500000000000007 ,-0.1939226807167985
5430.0 ,0.9000000000000007 ,0.06499999999999999 ,-0.3682765547097464
5420.0 ,0.8750000000000007 ,0.0 ,-0.3980902154905356
5410.0 ,0.9450000000000007 ,0.049999999999999996 ,-0.38233819789643925
5400.0 ,0.9700000000000008 ,0.0 ,-0.4112793098381581
5390.0 ,0.9900000000000008 ,0.09000000000000001 ,-0.36672820415326934
5380.0 ,0.9600000000000007 ,0.08 ,-0.3684398299868221
5370.0 ,0.8400000000000006 ,0.085 ,-0.22059752101897886
5360.0 ,0.7200000000000005 ,0.11000000000000003 ,-0.19600463570125728
5350.0 ,0.6600000000000005 ,0.06999999999999999 ,-0.19577413213677014
5340.0 ,0.5550000000000004 ,0.049999999999999996 ,-0.18125176548278976
5330.0 ,0.5900000000000004 ,0.085 ,-0.1792422536989972
5320.0 ,0.5000000000000003 ,0.18500000000000008 ,-0.13666998969313576
5310.0 ,0.5900000000000004 ,0.18500000000000008 ,-0.1544422300494649
5300.0 ,0.5300000000000004 ,0.09500000000000001 ,-0.16506018102965583
5290.0 ,0.4350000000000003 ,0.2050000000000001 ,-0.11805950716549557
5280.0 ,0.3400000000000002 ,0.24000000000000013 ,-0.08833884256369812
5270.0 ,0.27500000000000013 ,0.22500000000000012 ,-0.0767525183793069
5260.0 ,0.3200000000000002 ,0.14500000000000005 ,-0.10696909065986714
5250.0 ,0.3200000000000002 ,0.030000000000000002 ,-0.13564723317139452
5240.0 ,0.40500000000000025 ,0.015 ,-0.15868869960099014
5230.0 ,0.42000000000000026 ,0.0 ,-0.16572921272209246
5220.0 ,0.3650000000000002 ,0.0 ,-0.15347601569920322
5210.0 ,0.42000000000000026 ,0.10000000000000002 ,-0.14075002524315244
5200.0 ,0.42000000000000026 ,0.16000000000000006 ,-0.12585000142901503
5190.0 ,0.4550000000000003 ,0.2150000000000001 ,-0.11991675459333692
5180.0 ,0.4450000000000003 ,0.10000000000000002 ,-0.14616776241531115
5170.0 ,0.3550000000000002 ,0.049999999999999996 ,-0.1387120919036861
5160.0 ,0.4450000000000003 ,0.0 ,-0.17114694989425114
5150.0 ,0.41500000000000026 ,0.11500000000000003 ,-0.13591717396085834
5140.0 ,0.3700000000000002 ,0.19000000000000009 ,-0.10734530919690605
5130.0 ,0.3550000000000002 ,0.2200000000000001 ,-0.0966168304359824
5120.0 ,0.2650000000000001 ,0.3450000000000002 ,-0.04599595223204032
5110.0 ,0.3600000000000002 ,0.29000000000000015 ,-0.08097702776564997
5100.0 ,0.40500000000000025 ,0.2550000000000001 ,-0.09939833134361034
5090.0 ,0.41500000000000026 ,0.16000000000000006 ,-0.12475470960091031
5080.0 ,0.4850000000000003 ,0.13000000000000003 ,-0.14715709758462364
5070.0 ,0.5750000000000004 ,0.23500000000000013 ,-0.13939965123804793
5060.0 ,0.6150000000000004 ,0.3450000000000002 ,-0.12097856756355861
5050.0 ,0.5700000000000004 ,0.27000000000000013 ,-0.13003717853222826
5040.0 ,0.49500000000000033 ,0.17000000000000007 ,-0.13932995251282448
5030.0 ,0.49500000000000033 ,0.27500000000000013 ,-0.11386716017180992
5020.0 ,0.4800000000000003 ,0.16500000000000006 ,-0.13744809073644892
5010.0 ,0.5300000000000004 ,0.13000000000000003 ,-0.15634515114777306
5000.0 ,0.8850000000000007 ,0.02 ,-0.3894611836961025
4990.0 ,0.8650000000000007 ,0.11500000000000003 ,-0.3365836630189838
4980.0 ,0.9500000000000007 ,0.005 ,-0.40623340354962983
4970.0 ,1.0 ,0.0 ,-0.4148135590147807
4960.0 ,0.8950000000000007 ,0.0 ,-0.40114445453822073
4950.0 ,0.9750000000000008 ,0.075 ,-0.3729122875103192
4940.0 ,1.0 ,0.15500000000000005 ,-0.3335942964472606
4930.0 ,0.9000000000000007 ,0.049999999999999996 ,-0.37614520464784906
4920.0 ,0.8850000000000007 ,0.04 ,-0.37912725141693504
4910.0 ,0.8200000000000006 ,0.025 ,-0.23272275171590784
4900.0 ,0.9250000000000007 ,0.049999999999999996 ,-0.3796753148898866
4890.0 ,0.8950000000000007 ,0.085 ,-0.3570004719236376
4880.0 ,0.9100000000000007 ,0.02 ,-0.39314693540549883
4870.0 ,0.9050000000000007 ,0.0 ,-0.4026127288060981
4860.0 ,0.9700000000000008 ,0.0 ,-0.4112793098381581
4850.0 ,1.0 ,0.0 ,-0.4148135590147807
4840.0 ,0.8850000000000007 ,0.02 ,-0.3894611836961025
4830.0 ,0.9150000000000007 ,0.01 ,-0.3989715528005243
4820.0 ,1.0 ,0.04 ,-0.39422133715048324
4810.0 ,0.9150000000000007 ,0.13000000000000003 ,-0.33611475481415476
4800.0 ,0.8100000000000006 ,0.045 ,-0.22626092074313509
4790.0 ,0.9150000000000007 ,0.14000000000000004 ,-0.33087129975523233
4780.0 ,0.9800000000000008 ,0.24000000000000013 ,-0.28873307120664576
4770.0 ,0.8700000000000007 ,0.3300000000000002 ,-0.27315418019306204
4760.0 ,0.8050000000000006 ,0.41000000000000025 ,-0.22276647333017094
4750.0 ,0.9050000000000007 ,0.5000000000000003 ,-0.20273638831307114
4740.0 ,0.9750000000000008 ,0.41000000000000025 ,-0.24512519830771667
4730.0 ,0.9950000000000008 ,0.5250000000000004 ,-0.20469421030701923
4720.0 ,1.0 ,0.6350000000000005 ,-0.1772733609532565
4710.0 ,0.9750000000000008 ,0.6950000000000005 ,-0.16314340652545803
4700.0 ,0.9300000000000007 ,0.6700000000000005 ,-0.16287424466859615
4690.0 ,0.9600000000000007 ,0.5800000000000004 ,-0.1859926329104757
4680.0 ,1.0 ,0.5550000000000004 ,-0.19655446791259026
4670.0 ,0.9200000000000007 ,0.5150000000000003 ,-0.19975562858016316
4660.0 ,0.8500000000000006 ,0.5800000000000004 ,-0.1721942117140184
4650.0 ,0.8600000000000007 ,0.6300000000000004 ,-0.1619704313709694
4640.0 ,0.8900000000000007 ,0.5350000000000004 ,-0.18997792511409844
4630.0 ,0.9500000000000007 ,0.5350000000000004 ,-0.1971306210164827
4620.0 ,0.8850000000000007 ,0.5350000000000004 ,-0.18932127838157842
4610.0 ,0.8700000000000007 ,0.42500000000000027 ,-0.22620488621229864
4600.0 ,0.8500000000000006 ,0.43000000000000027 ,-0.22125742438849025
4590.0 ,0.9450000000000007 ,0.4600000000000003 ,-0.22149020784521342
4580.0 ,1.0 ,0.42500000000000027 ,-0.2410601233791852
4570.0 ,0.9600000000000007 ,0.3250000000000002 ,-0.2868216722433987
4560.0 ,0.9350000000000007 ,0.3800000000000002 ,-0.25484663835278426
4550.0 ,1.0 ,0.28500000000000014 ,-0.270242901958425
4540.0 ,1.0 ,0.18500000000000008 ,-0.31814502526713184
4530.0 ,0.9300000000000007 ,0.10000000000000002 ,-0.3539867552125944
4520.0 ,0.9400000000000007 ,0.17000000000000007 ,-0.3186463545744417
4510.0 ,1.0 ,0.28000000000000014 ,-0.2724710059671964
4500.0 ,1.0 ,0.3600000000000002 ,-0.27164194016277515
4490.0 ,1.0 ,0.3300000000000002 ,-0.2879373272028479
4480.0 ,0.9250000000000007 ,0.3500000000000002 ,-0.2690739981571642
4470.0 ,0.9150000000000007 ,0.3250000000000002 ,-0.2817779306457304
4460.0 ,0.8850000000000007 ,0.30500000000000016 ,-0.24697796113797207
4450.0 ,0.8150000000000006 ,0.29500000000000015 ,-0.23996013226784868
4440.0 ,0.7250000000000005 ,0.2000000000000001 ,-0.17458524655705784
4430.0 ,0.8250000000000006 ,0.27000000000000013 ,-0.2527670988328003
4420.0 ,0.8250000000000006 ,0.2100000000000001 ,-0.2811693083548237
4410.0 ,0.9250000000000007 ,0.27000000000000013 ,-0.26795714587340524
4400.0 ,0.8800000000000007 ,0.27000000000000013 ,-0.26161828106697743
4390.0 ,0.8350000000000006 ,0.22500000000000012 ,-0.2755630669886989
4380.0 ,0.9100000000000007 ,0.13500000000000004 ,-0.3327923568542188
4370.0 ,0.9750000000000008 ,0.075 ,-0.3729122875103192
4360.0 ,0.9150000000000007 ,0.09500000000000001 ,-0.35458079473039494
4350.0 ,0.9350000000000007 ,0.06999999999999999 ,-0.3705105696006915
4340.0 ,1.0 ,0.030000000000000002 ,-0.39942610223852404
4330.0 ,0.9450000000000007 ,0.049999999999999996 ,-0.38233819789643925
4320.0 ,0.9900000000000008 ,0.085 ,-0.36937758915962515
4310.0 ,1.0 ,0.08 ,-0.37316040609652135
4300.0 ,0.9500000000000007 ,0.08 ,-0.367181208366955
4290.0 ,0.8550000000000006 ,0.13000000000000003 ,-0.3270949703077013
4280.0 ,0.9300000000000007 ,0.13000000000000003 ,-0.33815594180378594
4270.0 ,0.9000000000000007 ,0.09500000000000001 ,-0.3524478019458854
4260.0 ,0.8500000000000006 ,0.11500000000000003 ,-0.3341568945993628
4250.0 ,0.9200000000000007 ,0.09500000000000001 ,-0.355273361720458
4240.0 ,0.8850000000000007 ,0.16000000000000006 ,-0.3161473717573599
4230.0 ,0.8000000000000006 ,0.11500000000000003 ,-0.20730177576652348
4220.0 ,0.7600000000000006 ,0.035 ,-0.2211606178428822
4210.0 ,0.7550000000000006 ,0.005 ,-0.22786707507637147
4200.0 ,0.6850000000000005 ,0.05499999999999999 ,-0.20386307523598762
4190.0 ,0.7050000000000005 ,0.02 ,-0.21599601961179643
4180.0 ,0.7050000000000005 ,0.0 ,-0.2209878625415614
4170.0 ,0.6100000000000004 ,0.0 ,-0.204225642827305
4160.0 ,0.6100000000000004 ,0.0 ,-0.204225642827305
4150.0 ,0.6050000000000004 ,0.05999999999999999 ,-0.18830632991314622
4140.0 ,0.6900000000000005 ,0.10500000000000002 ,-0.1922304269026204
4130.0 ,0.7800000000000006 ,0.13000000000000003 ,-0.20055058597866843
4120.0 ,0.7950000000000006 ,0.06999999999999999 ,-0.21778149371362618
4110.0 ,0.7550000000000006 ,0.049999999999999996 ,-0.21662466268047142
4100.0 ,0.8100000000000006 ,0.12500000000000003 ,-0.20629600848782279
4090.0 ,0.7600000000000006 ,0.10500000000000002 ,-0.20367474689527518
4080.0 ,0.8450000000000006 ,0.05499999999999999 ,-0.22879975281291415
4070.0 ,0.9100000000000007 ,0.05499999999999999 ,-0.3749663435877869
4060.0 ,0.9450000000000007 ,0.12000000000000004 ,-0.3453863395093629
4050.0 ,0.8700000000000007 ,0.11500000000000003 ,-0.3373714666804525
4040.0 ,0.9400000000000007 ,0.06999999999999999 ,-0.37117009985244953
4030.0 ,0.9750000000000008 ,0.10500000000000002 ,-0.35702693780276706
4020.0 ,0.9250000000000007 ,0.10500000000000002 ,-0.3506688246418681
4010.0 ,0.9600000000000007 ,0.2000000000000001 ,-0.30592784283181157
4000.0 ,1.0 ,0.04 ,-0.39422133715048324
3990.0 ,1.0 ,0.0 ,-0.4148135590147807
3980.0 ,0.9100000000000007 ,0.025 ,-0.39057432764013156
3970.0 ,0.9400000000000007 ,0.02 ,-0.39726386141879516
3960.0 ,0.9700000000000008 ,0.005 ,-0.40874441035536346
3950.0 ,1.0 ,0.0 ,-0.4148135590147807
3940.0 ,0.9350000000000007 ,0.085 ,-0.36258748751086345
3930.0 ,0.8950000000000007 ,0.14000000000000004 ,-0.3280253939244162
3920.0 ,0.9800000000000008 ,0.06499999999999999 ,-0.37878784641095725
3910.0 ,0.9250000000000007 ,0.08 ,-0.3638874474423608
3900.0 ,0.9600000000000007 ,0.0 ,-0.41003917988420835
3890.0 ,0.9300000000000007 ,0.0 ,-0.40612020236583046
3880.0 ,0.9450000000000007 ,0.0 ,-0.40811779100227874
3870.0 ,1.0 ,0.0 ,-0.4148135590147807
3860.0 ,1.0 ,0.0 ,-0.4148135590147807
3850.0 ,1.0 ,0.0 ,-0.4148135590147807
3840.0 ,1.0 ,0.015 ,-0.40716695312566553
3830.0 ,1.0 ,0.0 ,-0.4148135590147807
3820.0 ,0.9800000000000008 ,0.06499999999999999 ,-0.37878784641095725
3810.0 ,1.0 ,0.025 ,-0.40201584930460965
3800.0 ,0.9500000000000007 ,0.0 ,-0.4087665648286929
3790.0 ,0.9550000000000007 ,0.04 ,-0.38884518463143103
3780.0 ,1.0 ,0.0 ,-0.4148135590147807
3770.0 ,1.0 ,0.01 ,-0.4097270898531564
3760.0 ,1.0 ,0.049999999999999996 ,-0.38898713309342137
3750.0 ,1.0 ,0.09500000000000001 ,-0.3652104789572285
3740.0 ,1.0 ,0.01 ,-0.4097270898531564
3730.0 ,1.0 ,0.0 ,-0.4148135590147807
3720.0 ,0.9450000000000007 ,0.0 ,-0.40811779100227874
3710.0 ,1.0 ,0.01 ,-0.4097270898531564
3700.0 ,1.0 ,0.015 ,-0.40716695312566553
3690.0 ,1.0 ,0.06499999999999999 ,-0.38109204492974247
3680.0 ,0.9250000000000007 ,0.075 ,-0.3665277934609366
3670.0 ,0.9300000000000007 ,0.05999999999999999 ,-0.37510771070008975
3660.0 ,0.9950000000000008 ,0.005 ,-0.411706290605275
3650.0 ,0.9150000000000007 ,0.030000000000000002 ,-0.38870022233064516
3640.0 ,0.8500000000000006 ,0.045 ,-0.2320008730137607
3630.0 ,0.8450000000000006 ,0.049999999999999996 ,-0.23004974239635162
3620.0 ,0.8600000000000007 ,0.02 ,-0.38552602927651836
3610.0 ,0.9050000000000007 ,0.0 ,-0.4026127288060981
3600.0 ,0.9900000000000008 ,0.01 ,-0.4085808209924038
3590.0 ,0.9450000000000007 ,0.0 ,-0.40811779100227874
3580.0 ,0.9450000000000007 ,0.01 ,-0.4030406962698324
3570.0 ,0.9550000000000007 ,0.02 ,-0.3992049834825223
3560.0 ,0.9950000000000008 ,0.0 ,-0.4142432870240671
3550.0 ,0.9150000000000007 ,0.0 ,-0.40404318564839664
3540.0 ,0.8900000000000007 ,0.0 ,-0.40039580784438056
3530.0 ,0.9200000000000007 ,0.030000000000000002 ,-0.3893988085999257
3520.0 ,0.9900000000000008 ,0.11000000000000003 ,-0.3561307863612634
3510.0 ,1.0 ,0.17500000000000007 ,-0.3232548171381796
3500.0 ,0.9300000000000007 ,0.1950000000000001 ,-0.3046222439879199
3490.0 ,0.9800000000000008 ,0.16500000000000006 ,-0.32613488772256477
3480.0 ,0.9850000000000008 ,0.23000000000000012 ,-0.29410763406902674
3470.0 ,0.9400000000000007 ,0.27500000000000013 ,-0.2676456589025343
3460.0 ,1.0 ,0.27500000000000013 ,-0.27471885204941077
3450.0 ,1.0 ,0.2500000000000001 ,-0.2862433722988029
3440.0 ,1.0 ,0.18500000000000008 ,-0.31814502526713184
3430.0 ,1.0 ,0.2000000000000001 ,-0.3105682833638315
3420.0 ,1.0 ,0.2100000000000001 ,-0.3055821202498157
3410.0 ,1.0 ,0.2050000000000001 ,-0.3080683508366544
3400.0 ,1.0 ,0.2050000000000001 ,-0.3080683508366544
3390.0 ,0.9900000000000008 ,0.23500000000000013 ,-0.2922641588954355
3380.0 ,1.0 ,0.2000000000000001 ,-0.3105682833638315
3370.0 ,0.9900000000000008 ,0.18000000000000008 ,-0.3195759543369552
3360.0 ,1.0 ,0.2000000000000001 ,-0.3105682833638315
3350.0 ,1.0 ,0.17500000000000007 ,-0.3232548171381796
3340.0 ,0.9800000000000008 ,0.22500000000000012 ,-0.2959589609839688
3330.0 ,0.9100000000000007 ,0.18000000000000008 ,-0.30949611571781255
3320.0 ,0.9400000000000007 ,0.15000000000000005 ,-0.32900104620127135
3310.0 ,0.9550000000000007 ,0.08 ,-0.36781460884415507
3300.0 ,1.0 ,0.15000000000000005 ,-0.33620061618311076
3290.0 ,0.9900000000000008 ,0.09500000000000001 ,-0.36407814917323583
3280.0 ,0.9250000000000007 ,0.14500000000000005 ,-0.3296252457871889
3270.0 ,0.9550000000000007 ,0.18500000000000008 ,-0.3128784896637299
3260.0 ,1.0 ,0.2150000000000001 ,-0.3031100983285996
3250.0 ,0.9450000000000007 ,0.27000000000000013 ,-0.2705412491935869
3240.0 ,1.0 ,0.3450000000000002 ,-0.27961478494185665
3230.0 ,0.9800000000000008 ,0.28000000000000014 ,-0.2702371752061749
3220.0 ,1.0 ,0.23500000000000013 ,-0.2933737410539192
3210.0 ,1.0 ,0.28500000000000014 ,-0.270242901958425
3200.0 ,1.0 ,0.2150000000000001 ,-0.3031100983285996
3190.0 ,1.0 ,0.18000000000000008 ,-0.3206944342824276
3180.0 ,1.0 ,0.2200000000000001 ,-0.3006527779629313
3170.0 ,1.0 ,0.2650000000000001 ,-0.2792725790446699
3160.0 ,1.0 ,0.3250000000000002 ,-0.29078877438443296
3150.0 ,1.0 ,0.3550000000000002 ,-0.2742606597676024
3140.0 ,1.0 ,0.3500000000000002 ,-0.2769182675999735
3130.0 ,1.0 ,0.3350000000000002 ,-0.2851244088655295
3120.0 ,1.0 ,0.3400000000000002 ,-0.2823501886201233
3110.0 ,1.0 ,0.31500000000000017 ,-0.29660631243735774
3100.0 ,1.0 ,0.28500000000000014 ,-0.270242901958425
3090.0 ,1.0 ,0.31500000000000017 ,-0.29660631243735774
3080.0 ,1.0 ,0.3800000000000002 ,-0.26155408360985455
3070.0 ,0.9350000000000007 ,0.3350000000000002 ,-0.2784328201120683
3060.0 ,0.9900000000000008 ,0.38500000000000023 ,-0.258174956728486
3050.0 ,1.0 ,0.39500000000000024 ,-0.2543896490875871
3040.0 ,1.0 ,0.42000000000000026 ,-0.24319156108893775
3030.0 ,0.9400000000000007 ,0.4350000000000003 ,-0.23074409618533054
3020.0 ,0.9100000000000007 ,0.4700000000000003 ,-0.21372651333742612
3010.0 ,0.9550000000000007 ,0.4800000000000003 ,-0.21530609873567894
3000.0 ,1.0 ,0.05499999999999999 ,-0.38636061454591764
2990.0 ,1.0 ,0.11500000000000003 ,-0.3546139298807505
2980.0 ,0.9600000000000007 ,0.14500000000000005 ,-0.3341372042259968
2970.0 ,0.9750000000000008 ,0.2100000000000001 ,-0.30274282433981314
2960.0 ,0.9700000000000008 ,0.27500000000000013 ,-0.2713211204807586
2950.0 ,0.9500000000000007 ,0.27000000000000013 ,-0.2711662881724249
2940.0 ,0.9200000000000007 ,0.3200000000000002 ,-0.2852646638560612
2930.0 ,0.9450000000000007 ,0.2550000000000001 ,-0.27744287979224047
2920.0 ,0.9200000000000007 ,0.3200000000000002 ,-0.2852646638560612
2910.0 ,0.9450000000000007 ,0.28500000000000014 ,-0.26381174229826787
2900.0 ,0.9600000000000007 ,0.27500000000000013 ,-0.27012799383094127
2890.0 ,0.9200000000000007 ,0.28000000000000014 ,-0.26278800083628495
2880.0 ,0.8900000000000007 ,0.2200000000000001 ,-0.2866633688330887
2870.0 ,0.8750000000000007 ,0.2600000000000001 ,-0.2654356993811122
2860.0 ,0.8100000000000006 ,0.2500000000000001 ,-0.25930556686491735
2850.0 ,0.7550000000000006 ,0.2650000000000001 ,-0.1636878284645911
2840.0 ,0.7900000000000006 ,0.3200000000000002 ,-0.22485175748772523
2830.0 ,0.7650000000000006 ,0.3300000000000002 ,-0.2159123567755131
2820.0 ,0.7600000000000006 ,0.31500000000000017 ,-0.22101199885035738
2810.0 ,0.7150000000000005 ,0.3600000000000002 ,-0.22915766344511987
2800.0 ,0.7600000000000006 ,0.41000000000000025 ,-0.21453657777903487
2790.0 ,0.7550000000000006 ,0.3550000000000002 ,-0.24034966556962473
2780.0 ,0.7550000000000006 ,0.30000000000000016 ,-0.15539499707954407
2770.0 ,0.7550000000000006 ,0.3300000000000002 ,-0.21386807788030993
2760.0 ,0.8200000000000006 ,0.38500000000000023 ,-0.23684252470559003
2750.0 ,0.7850000000000006 ,0.4450000000000003 ,-0.20453537872125582
2740.0 ,0.8150000000000006 ,0.5000000000000003 ,-0.18982779604858802
2730.0 ,0.8650000000000007 ,0.4850000000000003 ,-0.2025040262242871
2720.0 ,0.8250000000000006 ,0.4350000000000003 ,-0.21536832143366524
2710.0 ,0.7750000000000006 ,0.4400000000000003 ,-0.2046897976281545
2700.0 ,0.7700000000000006 ,0.42000000000000026 ,-0.21208902623369086
2690.0 ,0.7650000000000006 ,0.4350000000000003 ,-0.2048161774852097
2680.0 ,0.7050000000000005 ,0.39500000000000024 ,-0.20947396205898344
2670.0 ,0.6600000000000005 ,0.39000000000000024 ,-0.11890411687457648
2660.0 ,0.7200000000000005 ,0.39000000000000024 ,-0.2153146809083465
2650.0 ,0.7150000000000005 ,0.4400000000000003 ,-0.19219816571006695
2640.0 ,0.7750000000000006 ,0.40500000000000025 ,-0.2196649372128742
2630.0 ,0.7750000000000006 ,0.43000000000000027 ,-0.20879238963166397
2620.0 ,0.7950000000000006 ,0.41500000000000026 ,-0.21883327874611874
2610.0 ,0.8500000000000006 ,0.3650000000000002 ,-0.251408391700366
2600.0 ,0.8200000000000006 ,0.3800000000000002 ,-0.2392742776906698
2590.0 ,0.8800000000000007 ,0.40500000000000025 ,-0.2363147890821795
2580.0 ,0.8350000000000006 ,0.42000000000000026 ,-0.2232362815991073
2570.0 ,0.8950000000000007 ,0.41500000000000026 ,-0.2338277347450478
2560.0 ,0.9400000000000007 ,0.42500000000000027 ,-0.23490408422745218
2550.0 ,0.9000000000000007 ,0.3700000000000002 ,-0.2556448811646823
2540.0 ,0.9500000000000007 ,0.3800000000000002 ,-0.25650754511665985
2530.0 ,0.9800000000000008 ,0.4400000000000003 ,-0.23293780485835372
2520.0 ,1.0 ,0.4900000000000003 ,-0.21637640492529445
2510.0 ,1.0 ,0.4900000000000003 ,-0.21637640492529445
2500.0 ,0.9650000000000007 ,0.4650000000000003 ,-0.22176831078508982
2490.0 ,0.9500000000000007 ,0.4400000000000003 ,-0.22981745770330567
2480.0 ,0.8950000000000007 ,0.4800000000000003 ,-0.20827290898288067
2470.0 ,0.9500000000000007 ,0.4350000000000003 ,-0.23184567914377038
2460.0 ,1.0 ,0.4650000000000003 ,-0.22523426152734458
2450.0 ,1.0 ,0.4800000000000003 ,-0.2198296768157168
2440.0 ,0.9650000000000007 ,0.4650000000000003 ,-0.22176831078508982
2430.0 ,1.0 ,0.42500000000000027 ,-0.2410601233791852
2420.0 ,1.0 ,0.42000000000000026 ,-0.24319156108893775
2410.0 ,0.9850000000000008 ,0.4500000000000003 ,-0.22947784717780775
2400.0 ,1.0 ,0.4600000000000003 ,-0.22709773789997142
2390.0 ,0.9500000000000007 ,0.5000000000000003 ,-0.2079720159624327
2380.0 ,0.9100000000000007 ,0.5350000000000004 ,-0.19250654870442574
2370.0 ,0.9250000000000007 ,0.5050000000000003 ,-0.2035215104595578
2360.0 ,0.9550000000000007 ,0.4800000000000003 ,-0.21530609873567894
2350.0 ,1.0 ,0.4500000000000003 ,-0.23092062598657503
2340.0 ,1.0 ,0.4350000000000003 ,-0.23690214053291192
2330.0 ,1.0 ,0.41500000000000026 ,-0.24535853356479376
2320.0 ,1.0 ,0.40500000000000025 ,-0.2498006965791501
2310.0 ,1.0 ,0.4350000000000003 ,-0.23690214053291192
2300.0 ,1.0 ,0.4450000000000003 ,-0.23288102416711046
2290.0 ,1.0 ,0.4800000000000003 ,-0.2198296768157168
2280.0 ,1.0 ,0.49500000000000033 ,-0.21469317098271298
2270.0 ,0.9900000000000008 ,0.5050000000000003 ,-0.21045449343773792
2260.0 ,0.9900000000000008 ,0.5550000000000004 ,-0.19559673326292967
2250.0 ,0.9850000000000008 ,0.5700000000000004 ,-0.19110814055803618
2240.0 ,0.9850000000000008 ,0.6200000000000004 ,-0.17908142916458503
2230.0 ,1.0 ,0.5850000000000004 ,-0.1887461603474965
2220.0 ,1.0 ,0.5500000000000004 ,-0.19793159355223044
2210.0 ,1.0 ,0.5500000000000004 ,-0.19793159355223044
2200.0 ,1.0 ,0.5500000000000004 ,-0.19793159355223044
2190.0 ,1.0 ,0.5650000000000004 ,-0.19386691747743998
2180.0 ,0.9750000000000008 ,0.6150000000000004 ,-0.17919999169036246
2170.0 ,1.0 ,0.6650000000000005 ,-0.17118179865425953
2160.0 ,0.9750000000000008 ,0.6550000000000005 ,-0.17069973893156468
2150.0 ,0.9300000000000007 ,0.6400000000000005 ,-0.16888253434483197
2140.0 ,0.9650000000000007 ,0.6000000000000004 ,-0.18163557876422406
2130.0 ,0.9350000000000007 ,0.5950000000000004 ,-0.17955263194119458
2120.0 ,0.9550000000000007 ,0.5650000000000004 ,-0.18933232441066125
2110.0 ,0.9450000000000007 ,0.5200000000000004 ,-0.20107324379281852
2100.0 ,0.9650000000000007 ,0.5350000000000004 ,-0.1987291678013637
2090.0 ,0.9700000000000008 ,0.5200000000000004 ,-0.20373673357773217
2080.0 ,0.9300000000000007 ,0.5550000000000004 ,-0.18923532085623623
2070.0 ,0.9300000000000007 ,0.5700000000000004 ,-0.18523314321175235
2060.0 ,0.9100000000000007 ,0.5350000000000004 ,-0.19250654870442574
2050.0 ,0.9450000000000007 ,0.5350000000000004 ,-0.19658206291278046
2040.0 ,0.9800000000000008 ,0.5750000000000004 ,-0.18932125194707908
2030.0 ,0.9750000000000008 ,0.5700000000000004 ,-0.1901083200833316
2020.0 ,1.0 ,0.5950000000000004 ,-0.1863060905397789
2010.0 ,0.9550000000000007 ,0.5900000000000004 ,-0.1829785998687239
2000.0 ,1.0 ,0.04 ,-0.39422133715048324
1990.0 ,1.0 ,0.04 ,-0.39422133715048324
1980.0 ,1.0 ,0.04 ,-0.39422133715048324
1970.0 ,1.0 ,0.04 ,-0.39422133715048324
1960.0 ,0.9600000000000007 ,0.005 ,-0.40750514270142285
1950.0 ,0.9600000000000007 ,0.030000000000000002 ,-0.3946719246259889
1940.0 ,0.9400000000000007 ,0.030000000000000002 ,-0.39210388509790384
1930.0 ,0.9650000000000007 ,0.0 ,-0.41066324938198073
1920.0 ,0.9650000000000007 ,0.005 ,-0.408128779355189
1910.0 ,0.9600000000000007 ,0.035 ,-0.3920769073475892
1900.0 ,0.9600000000000007 ,0.06999999999999999 ,-0.37372404093073636
1890.0 ,0.9200000000000007 ,0.05999999999999999 ,-0.3737430617569518
1880.0 ,0.9500000000000007 ,0.030000000000000002 ,-0.39340456276614866
1870.0 ,0.9700000000000008 ,0.05999999999999999 ,-0.3802244854513317
1860.0 ,0.9850000000000008 ,0.09000000000000001 ,-0.36615056376109656
1850.0 ,0.9750000000000008 ,0.08 ,-0.3702675413904303
1840.0 ,0.9350000000000007 ,0.10500000000000002 ,-0.35200761794153046
1830.0 ,0.9200000000000007 ,0.13000000000000003 ,-0.3368040886371467
1820.0 ,0.9350000000000007 ,0.13000000000000003 ,-0.3388187075833702
1810.0 ,0.9050000000000007 ,0.13500000000000004 ,-0.33208515396694555
1800.0 ,0.9250000000000007 ,0.12000000000000004 ,-0.3427486678816305
1790.0 ,0.9600000000000007 ,0.15500000000000005 ,-0.3289239056594896
1780.0 ,0.9600000000000007 ,0.13500000000000004 ,-0.3393772656382739
1770.0 ,0.9950000000000008 ,0.15000000000000005 ,-0.33564257285734744
1760.0 ,0.9600000000000007 ,0.19000000000000009 ,-0.3109600760317989
1750.0 ,0.9550000000000007 ,0.15500000000000005 ,-0.3283051883444142
1740.0 ,0.9750000000000008 ,0.15000000000000005 ,-0.33333667576847176
1730.0 ,0.9750000000000008 ,0.12000000000000004 ,-0.3490936097692869
1720.0 ,0.9900000000000008 ,0.12000000000000004 ,-0.3508416806907479
1710.0 ,0.9600000000000007 ,0.12500000000000003 ,-0.3446388977174478
1700.0 ,0.9650000000000007 ,0.16000000000000006 ,-0.3269391573493491
1690.0 ,0.9800000000000008 ,0.16500000000000006 ,-0.32613488772256477
1680.0 ,1.0 ,0.13000000000000003 ,-0.346692799279407
1670.0 ,1.0 ,0.14000000000000004 ,-0.34143461466912717
1660.0 ,1.0 ,0.13500000000000004 ,-0.34406100916112675
1650.0 ,0.9700000000000008 ,0.14500000000000005 ,-0.3353524164000875
1640.0 ,0.9550000000000007 ,0.12500000000000003 ,-0.34401758321450004
1630.0 ,0.9700000000000008 ,0.10000000000000002 ,-0.3590753752869491
1620.0 ,0.9500000000000007 ,0.11500000000000003 ,-0.34866429239922136
1610.0 ,0.9300000000000007 ,0.13000000000000003 ,-0.33815594180378594
1600.0 ,0.9500000000000007 ,0.13000000000000003 ,-0.3407558068029463
1590.0 ,0.9650000000000007 ,0.15500000000000005 ,-0.32953460858969635
1580.0 ,0.9750000000000008 ,0.17000000000000007 ,-0.32296988357425405
1570.0 ,1.0 ,0.1950000000000001 ,-0.3130813976171513
1560.0 ,0.9950000000000008 ,0.18000000000000008 ,-0.32013881878757117
1550.0 ,1.0 ,0.18000000000000008 ,-0.3206944342824276
1540.0 ,0.9850000000000008 ,0.1950000000000001 ,-0.31139636525136183
1530.0 ,0.9550000000000007 ,0.2200000000000001 ,-0.29541248863393516
1520.0 ,0.9550000000000007 ,0.1950000000000001 ,-0.307822371079828
1510.0 ,0.9300000000000007 ,0.18500000000000008 ,-0.30967394804775905
1500.0 ,0.9000000000000007 ,0.17000000000000007 ,-0.31319447965872516
1490.0 ,0.8800000000000007 ,0.16000000000000006 ,-0.3153944893163547
1480.0 ,0.9000000000000007 ,0.13500000000000004 ,-0.3313685933764649
1470.0 ,0.8800000000000007 ,0.14000000000000004 ,-0.32579043627537874
1460.0 ,0.8800000000000007 ,0.15500000000000005 ,-0.3179821705217685
1450.0 ,0.8750000000000007 ,0.13500000000000004 ,-0.3276407981154279
1440.0 ,0.8550000000000006 ,0.11500000000000003 ,-0.3349765217690194
1430.0 ,0.8250000000000006 ,0.09500000000000001 ,-0.215956144385441
1420.0 ,0.8250000000000006 ,0.08 ,-0.21970080597163602
1410.0 ,0.8250000000000006 ,0.09500000000000001 ,-0.215956144385441
1400.0 ,0.8250000000000006 ,0.085 ,-0.2184521279481462
1390.0 ,0.8450000000000006 ,0.06499999999999999 ,-0.22630002362104146
1380.0 ,0.8200000000000006 ,0.05499999999999999 ,-0.22522406389036514
1370.0 ,0.8450000000000006 ,0.05499999999999999 ,-0.22879975281291415
1360.0 ,0.8450000000000006 ,0.04 ,-0.2325496590663515
1350.0 ,0.8450000000000006 ,0.02 ,-0.23754749320605667
1340.0 ,0.8450000000000006 ,0.01 ,-0.24004441247414254
1330.0 ,0.8450000000000006 ,0.01 ,-0.24004441247414254
1320.0 ,0.8350000000000006 ,0.01 ,-0.23862816507421303
1310.0 ,0.8200000000000006 ,0.0 ,-0.23896364721327265
1300.0 ,0.8150000000000006 ,0.0 ,-0.23823444170970773
1290.0 ,0.7950000000000006 ,0.0 ,-0.2352704208930789
1280.0 ,0.7950000000000006 ,0.02 ,-0.23027857796331394
1270.0 ,0.8050000000000006 ,0.025 ,-0.23052099252939517
1260.0 ,0.7950000000000006 ,0.030000000000000002 ,-0.22778016059359163
1250.0 ,0.7950000000000006 ,0.05499999999999999 ,-0.2215308375701714
1240.0 ,0.8000000000000006 ,0.08 ,-0.21603117815047782
1230.0 ,0.7950000000000006 ,0.10500000000000002 ,-0.20904467498131205
1220.0 ,0.8200000000000006 ,0.12000000000000004 ,-0.20900258089469542
1210.0 ,0.8200000000000006 ,0.13000000000000003 ,-0.20651661119601983
1200.0 ,0.8150000000000006 ,0.13500000000000004 ,-0.20454587758306222
1190.0 ,0.8200000000000006 ,0.15500000000000005 ,-0.20032009868664002
1180.0 ,0.8250000000000006 ,0.14500000000000005 ,-0.20351974770979642
1170.0 ,0.8500000000000006 ,0.16000000000000006 ,-0.31066209507276366
1160.0 ,0.8700000000000007 ,0.18500000000000008 ,-0.3010658646309925
1150.0 ,0.8650000000000007 ,0.2050000000000001 ,-0.2902568104974761
1140.0 ,0.8900000000000007 ,0.2050000000000001 ,-0.29404996790925286
1130.0 ,0.8750000000000007 ,0.1950000000000001 ,-0.29679507936102
1120.0 ,0.8550000000000006 ,0.18500000000000008 ,-0.2986919528300131
1110.0 ,0.8700000000000007 ,0.1950000000000001 ,-0.29602548881592083
1100.0 ,0.8950000000000007 ,0.2000000000000001 ,-0.29726968533106213
1090.0 ,0.8800000000000007 ,0.1950000000000001 ,-0.2975545482625984
1080.0 ,0.8650000000000007 ,0.19000000000000009 ,-0.29775927981817285
1070.0 ,0.8700000000000007 ,0.2050000000000001 ,-0.29103567213991594
1060.0 ,0.8500000000000006 ,0.22500000000000012 ,-0.27805395516521125
1050.0 ,0.8700000000000007 ,0.24000000000000013 ,-0.2740283124346961
1040.0 ,0.8800000000000007 ,0.23500000000000013 ,-0.2779318444770817
1030.0 ,0.8850000000000007 ,0.2200000000000001 ,-0.28592613062681455
1020.0 ,0.8750000000000007 ,0.2200000000000001 ,-0.2844220350249005
1010.0 ,0.8750000000000007 ,0.24000000000000013 ,-0.2747934832914634
1000.0 ,0.9950000000000008 ,0.005 ,-0.411706290605275
990.0 ,0.9950000000000008 ,0.02 ,-0.40402770301595364
980.0 ,1.0 ,0.04 ,-0.39422133715048324
970.0 ,0.9950000000000008 ,0.049999999999999996 ,-0.3884209508003199
960.0 ,1.0 ,0.05999999999999999 ,-0.3837286966569501
950.0 ,0.9900000000000008 ,0.05499999999999999 ,-0.38522173414457633
940.0 ,1.0 ,0.049999999999999996 ,-0.38898713309342137
930.0 ,1.0 ,0.049999999999999996 ,-0.38898713309342137
920.0 ,0.9850000000000008 ,0.049999999999999996 ,-0.3872664757702389
910.0 ,0.9800000000000008 ,0.049999999999999996 ,-0.3866779758030575
900.0 ,0.9800000000000008 ,0.045 ,-0.3892967808659782
890.0 ,0.9750000000000008 ,0.04 ,-0.39131187893485175
880.0 ,0.9800000000000008 ,0.04 ,-0.3919088715877854
870.0 ,0.9750000000000008 ,0.025 ,-0.3991001588078676
860.0 ,0.9700000000000008 ,0.030000000000000002 ,-0.39590688316607014
850.0 ,0.9800000000000008 ,0.030000000000000002 ,-0.39711032660245016
840.0 ,0.9800000000000008 ,0.035 ,-0.3945136003006845
830.0 ,0.9900000000000008 ,0.025 ,-0.4008720451919918
820.0 ,0.9900000000000008 ,0.04 ,-0.39307999592418363
810.0 ,0.9950000000000008 ,0.035 ,-0.39626031260223926
800.0 ,0.9800000000000008 ,0.035 ,-0.3945136003006845
790.0 ,0.9750000000000008 ,0.025 ,-0.3991001588078676
780.0 ,0.9750000000000008 ,0.030000000000000002 ,-0.39651248969533215
770.0 ,0.9900000000000008 ,0.035 ,-0.3956855587131932
760.0 ,0.9950000000000008 ,0.030000000000000002 ,-0.39885828533420575
750.0 ,0.9900000000000008 ,0.02 ,-0.40345171239094024
740.0 ,1.0 ,0.02 ,-0.4045963378892874
730.0 ,1.0 ,0.02 ,-0.4045963378892874
720.0 ,1.0 ,0.025 ,-0.40201584930460965
710.0 ,1.0 ,0.035 ,-0.3968277206823896
700.0 ,1.0 ,0.035 ,-0.3968277206823896
690.0 ,1.0 ,0.04 ,-0.39422133715048324
680.0 ,0.9900000000000008 ,0.030000000000000002 ,-0.39828311930475807
670.0 ,0.9800000000000008 ,0.035 ,-0.3945136003006845
660.0 ,0.9900000000000008 ,0.035 ,-0.3956855587131932
650.0 ,1.0 ,0.025 ,-0.40201584930460965
640.0 ,0.9900000000000008 ,0.025 ,-0.4008720451919918
630.0 ,0.9900000000000008 ,0.035 ,-0.3956855587131932
620.0 ,0.9800000000000008 ,0.025 ,-0.3996984179937396
610.0 ,0.9750000000000008 ,0.015 ,-0.40424710523627605
600.0 ,0.9850000000000008 ,0.015 ,-0.4054376409041063
590.0 ,0.9800000000000008 ,0.015 ,-0.4048462092637959
580.0 ,0.9750000000000008 ,0.01 ,-0.40680516256236776
570.0 ,0.9800000000000008 ,0.005 ,-0.40995209526379284
560.0 ,0.9750000000000008 ,0.0 ,-0.4118874716055334
550.0 ,0.9850000000000008 ,0.0 ,-0.41308053305482706
540.0 ,0.9850000000000008 ,0.01 ,-0.4079965399886843
530.0 ,0.9850000000000008 ,0.01 ,-0.4079965399886843
520.0 ,0.9800000000000008 ,0.01 ,-0.40740468914508793
510.0 ,0.9900000000000008 ,0.015 ,-0.4060215060421295
500.0 ,0.9850000000000008 ,0.01 ,-0.4079965399886843
490.0 ,0.9850000000000008 ,0.01 ,-0.4079965399886843
480.0 ,0.9850000000000008 ,0.005 ,-0.4105443653974614
470.0 ,0.9850000000000008 ,0.0 ,-0.41308053305482706
460.0 ,0.9800000000000008 ,0.005 ,-0.40995209526379284
450.0 ,0.9750000000000008 ,0.01 ,-0.40680516256236776
440.0 ,0.9750000000000008 ,0.015 ,-0.40424710523627605
430.0 ,0.9750000000000008 ,0.01 ,-0.40680516256236776
420.0 ,0.9800000000000008 ,0.01 ,-0.40740468914508793
410.0 ,0.9800000000000008 ,0.01 ,-0.40740468914508793
400.0 ,0.9750000000000008 ,0.01 ,-0.40680516256236776
390.0 ,0.9750000000000008 ,0.01 ,-0.40680516256236776
380.0 ,0.9750000000000008 ,0.01 ,-0.40680516256236776
370.0 ,0.9800000000000008 ,0.015 ,-0.4048462092637959
360.0 ,0.9800000000000008 ,0.015 ,-0.4048462092637959
350.0 ,0.9800000000000008 ,0.015 ,-0.4048462092637959
340.0 ,0.9800000000000008 ,0.015 ,-0.4048462092637959
330.0 ,0.9850000000000008 ,0.015 ,-0.4054376409041063
320.0 ,0.9850000000000008 ,0.015 ,-0.4054376409041063
310.0 ,0.9850000000000008 ,0.02 ,-0.40286826302578416
300.0 ,0.9850000000000008 ,0.02 ,-0.40286826302578416
290.0 ,0.9850000000000008 ,0.025 ,-0.40028901150310126
280.0 ,0.9850000000000008 ,0.030000000000000002 ,-0.39770050119176514
270.0 ,0.9850000000000008 ,0.035 ,-0.39510335607197056
260.0 ,0.9900000000000008 ,0.035 ,-0.3956855587131932
250.0 ,0.9950000000000008 ,0.035 ,-0.39626031260223926
240.0 ,1.0 ,0.04 ,-0.39422133715048324
230.0 ,1.0 ,0.04 ,-0.39422133715048324
220.0 ,1.0 ,0.04 ,-0.39422133715048324
210.0 ,1.0 ,0.04 ,-0.39422133715048324
200.0 ,1.0 ,0.04 ,-0.39422133715048324
190.0 ,1.0 ,0.045 ,-0.39160759205993645
180.0 ,1.0 ,0.045 ,-0.39160759205993645
170.0 ,1.0 ,0.045 ,-0.39160759205993645
160.0 ,1.0 ,0.049999999999999996 ,-0.38898713309342137
150.0 ,1.0 ,0.05499999999999999 ,-0.38636061454591764
140.0 ,1.0 ,0.05499999999999999 ,-0.38636061454591764
130.0 ,1.0 ,0.05499999999999999 ,-0.38636061454591764
120.0 ,1.0 ,0.05499999999999999 ,-0.38636061454591764
110.0 ,1.0 ,0.05499999999999999 ,-0.38636061454591764
100.0 ,1.0 ,0.05999999999999999 ,-0.3837286966569501
90.0 ,1.0 ,0.05999999999999999 ,-0.3837286966569501
80.0 ,1.0 ,0.05999999999999999 ,-0.3837286966569501
70.0 ,1.0 ,0.05999999999999999 ,-0.3837286966569501
60.0 ,1.0 ,0.05999999999999999 ,-0.3837286966569501
50.0 ,1.0 ,0.05999999999999999 ,-0.3837286966569501
40.0 ,1.0 ,0.06499999999999999 ,-0.38109204492974247
30.0 ,1.0 ,0.06999999999999999 ,-0.37845132943878346
20.0 ,1.0 ,0.075 ,-0.37580722412734324
10.0 ,1.0 ,0.08 ,-0.37316040609652135