10000.0 ,0.4750000000000003 ,0.39500000000000024 ,-0.08204179872443726
9990.0 ,0.4500000000000003 ,0.4600000000000003 ,-0.06261076137315187
9980.0 ,0.5050000000000003 ,0.2600000000000001 ,-0.11950014730713862
9970.0 ,0.5050000000000003 ,0.4550000000000003 ,-0.07518702008860767
9960.0 ,0.5850000000000004 ,0.38500000000000023 ,-0.1062885691756227
9950.0 ,0.3700000000000002 ,0.4750000000000003 ,-0.04183484992953404
9940.0 ,0.14000000000000004 ,0.43000000000000027 ,0.003495729844361868
9930.0 ,0.1950000000000001 ,0.4700000000000003 ,-0.0015071493278508152
9920.0 ,0.4350000000000003 ,0.43000000000000027 ,-0.06582527083700594
9910.0 ,0.5950000000000004 ,0.24000000000000013 ,-0.14199600019982173
9900.0 ,0.43000000000000027 ,0.10000000000000002 ,-0.14292896401840374
9890.0 ,0.4750000000000003 ,0.030000000000000002 ,-0.17002459554033017
9880.0 ,0.29500000000000015 ,0.0 ,-0.137284500774376
9870.0 ,0.2100000000000001 ,0.0 ,-0.11689341067720566
9860.0 ,0.0 ,0.0 ,-0.06474169086336092
9850.0 ,0.0 ,0.0 ,-0.06474169086336092
9840.0 ,0.15500000000000005 ,0.2150000000000001 ,-0.05001595722960543
9830.0 ,0.15000000000000005 ,0.2050000000000001 ,-0.05121605895357669
9820.0 ,0.0 ,0.31500000000000017 ,0.012489458859806554
9810.0 ,0.09500000000000001 ,0.41500000000000026 ,0.011418533031895845
9800.0 ,0.3300000000000002 ,0.4500000000000003 ,-0.037980720440337845
9790.0 ,0.14000000000000004 ,0.5050000000000003 ,0.01931894432598994
9780.0 ,0.27500000000000013 ,0.6300000000000004 ,0.010605049583483357
9770.0 ,0.24500000000000013 ,0.4750000000000003 ,-0.012599469274768321
9760.0 ,0.075 ,0.6950000000000005 ,-0.17932770441459933
9750.0 ,0.06499999999999999 ,0.6800000000000005 ,-0.17738157879180538
9740.0 ,0.2050000000000001 ,0.8900000000000007 ,-0.20277508547741624
9730.0 ,0.3700000000000002 ,1.0 ,-0.10210754653177626
9720.0 ,0.6000000000000004 ,0.8900000000000007 ,-0.0615822420072166
9710.0 ,0.38500000000000023 ,1.0 ,0.06603349915061772
9700.0 ,0.4450000000000003 ,1.0 ,0.023903764271908823
9690.0 ,0.2500000000000001 ,1.0 ,-0.2102614516561965
9680.0 ,0.22500000000000012 ,0.8700000000000007 ,-0.20617437365767854
9670.0 ,0.05499999999999999 ,1.0 ,-0.17628077548151194
9660.0 ,0.0 ,0.9200000000000007 ,0.3603734969569724
9650.0 ,0.17000000000000007 ,0.7300000000000005 ,-0.19662613557691114
9640.0 ,0.3300000000000002 ,0.7100000000000005 ,0.07607952649744032
9630.0 ,0.30500000000000016 ,0.7000000000000005 ,-0.21821566085783248
9620.0 ,0.41000000000000025 ,0.5300000000000004 ,-0.0394842968350462
9610.0 ,0.2550000000000001 ,0.6950000000000005 ,-0.21096740875564846
9600.0 ,0.075 ,0.6400000000000005 ,0.061483512776416345
9590.0 ,0.09500000000000001 ,0.4550000000000003 ,0.020070648891633156
9580.0 ,0.0 ,0.3500000000000002 ,0.020576055989006845
9570.0 ,0.0 ,0.3250000000000002 ,0.014815698381509465
9560.0 ,0.0 ,0.2000000000000001 ,-0.015030838718061414
9550.0 ,0.12500000000000003 ,0.18000000000000008 ,-0.051138467633721096
9540.0 ,0.075 ,0.2100000000000001 ,-0.03132826303109134
9530.0 ,0.0 ,0.025 ,-0.05850079536599609
9520.0 ,0.0 ,0.14000000000000004 ,-0.029812650937100886
9510.0 ,0.1950000000000001 ,0.12000000000000004 ,-0.08326828475001301
9500.0 ,0.3750000000000002 ,0.24500000000000013 ,-0.09510557255171641
9490.0 ,0.43000000000000027 ,0.2550000000000001 ,-0.10487461833368882
9480.0 ,0.42500000000000027 ,0.22500000000000012 ,-0.11102225099239241
9470.0 ,0.30500000000000016 ,0.3200000000000002 ,-0.06123871922952473
9460.0 ,0.2550000000000001 ,0.16000000000000006 ,-0.08789601273393843
9450.0 ,0.2150000000000001 ,0.18500000000000008 ,-0.07207492680155188
9440.0 ,0.24000000000000013 ,0.3650000000000002 ,-0.03543351123406001
9430.0 ,0.4500000000000003 ,0.23500000000000013 ,-0.11399944221077712
9420.0 ,0.23500000000000013 ,0.16500000000000006 ,-0.0818472527804732
9410.0 ,0.09500000000000001 ,0.3800000000000002 ,0.003646090966431776
9400.0 ,0.24000000000000013 ,0.5600000000000004 ,0.00580805740282718
9390.0 ,0.3700000000000002 ,0.5650000000000004 ,-0.023660473249810396
9380.0 ,0.3600000000000002 ,0.3500000000000002 ,-0.06702281203737673
9370.0 ,0.3600000000000002 ,0.4650000000000003 ,-0.04167350023835735
9360.0 ,0.29000000000000015 ,0.4350000000000003 ,-0.03185518137982756
9350.0 ,0.23500000000000013 ,0.5450000000000004 ,0.004072781094902327
9340.0 ,0.4450000000000003 ,0.7550000000000006 ,-0.004602344521228041
9330.0 ,0.5900000000000004 ,0.7050000000000005 ,-0.08379240579871616
9320.0 ,0.3700000000000002 ,0.5550000000000004 ,-0.025608346547091737
9310.0 ,0.30000000000000016 ,0.42500000000000027 ,-0.036382006876591697
9300.0 ,0.28500000000000014 ,0.3800000000000002 ,-0.04280337483325928
9290.0 ,0.13500000000000004 ,0.27500000000000013 ,-0.030621044275925397
9280.0 ,0.2050000000000001 ,0.3350000000000002 ,-0.03380273385496309
9270.0 ,0.27500000000000013 ,0.13500000000000004 ,-0.09886233745079644
9260.0 ,0.3350000000000002 ,0.0 ,-0.14661287217725194
9250.0 ,0.30500000000000016 ,0.0 ,-0.1396345218370456
9240.0 ,0.24000000000000013 ,0.0 ,-0.1241678360699023
9230.0 ,0.025 ,0.0 ,-0.07098258636072574
9220.0 ,0.030000000000000002 ,0.14000000000000004 ,-0.037302911236588146
9210.0 ,0.0 ,0.049999999999999996 ,-0.05225209712389092
9200.0 ,0.0 ,0.1950000000000001 ,-0.016254030658131587
9190.0 ,0.17000000000000007 ,0.3250000000000002 ,-0.02753071999155702
9180.0 ,0.04 ,0.14500000000000005 ,-0.0385629651218164
9170.0 ,0.09000000000000001 ,0.0 ,-0.0872259546806218
9160.0 ,0.0 ,0.05999999999999999 ,-0.049752180453891064
9150.0 ,0.0 ,0.0 ,-0.06474169086336092
9140.0 ,0.049999999999999996 ,0.0 ,-0.07723128460283091
9130.0 ,0.045 ,0.075 ,-0.05724300303781825
9120.0 ,0.05999999999999999 ,0.2000000000000001 ,-0.030020349127531272
9110.0 ,0.015 ,0.41000000000000025 ,0.03030824650371422
9100.0 ,0.0 ,0.4700000000000003 ,0.04698051087737852
9090.0 ,0.15000000000000005 ,0.3650000000000002 ,-0.013413958423227589
9080.0 ,0.09500000000000001 ,0.4750000000000003 ,0.024299467977725562
9070.0 ,0.025 ,0.6700000000000005 ,-0.17022153813208243
9060.0 ,0.0 ,0.6350000000000005 ,0.07932041073953686
9050.0 ,0.06499999999999999 ,0.7150000000000005 ,-0.1778040323906785
9040.0 ,0.14000000000000004 ,0.6800000000000005 ,-0.19081563370153756
9030.0 ,0.12500000000000003 ,0.8800000000000007 ,-0.18859492586846005
9020.0 ,0.0 ,0.8150000000000006 ,0.44796121977307984
9010.0 ,0.0 ,0.7250000000000005 ,0.4416479777423936
9000.0 ,0.3300000000000002 ,0.7500000000000006 ,-0.22141676232264096
8990.0 ,0.3650000000000002 ,0.6550000000000005 ,0.03523744786279012
8980.0 ,0.5850000000000004 ,0.5850000000000004 ,-0.1072360517256134
8970.0 ,0.6500000000000005 ,0.6650000000000005 ,-0.11103435300323045
8960.0 ,0.8400000000000006 ,0.7150000000000005 ,-0.14274492867432947
8950.0 ,0.7250000000000005 ,0.8100000000000006 ,-0.10699456538420289
8940.0 ,0.6300000000000004 ,0.6150000000000004 ,-0.11552146075647553
8930.0 ,0.6450000000000005 ,0.7650000000000006 ,-0.09240555442159754
8920.0 ,0.7250000000000005 ,0.7050000000000005 ,-0.12299810443508821
8910.0 ,0.6300000000000004 ,0.6550000000000005 ,-0.10691668210204447
8900.0 ,0.6400000000000005 ,0.5850000000000004 ,-0.12580447653416613
8890.0 ,0.7900000000000006 ,0.4550000000000003 ,-0.20153597246329744
8880.0 ,0.8300000000000006 ,0.6200000000000004 ,-0.15964651905742788
8870.0 ,0.8550000000000006 ,0.4400000000000003 ,-0.21789069783193146
8860.0 ,0.8700000000000007 ,0.3450000000000002 ,-0.2648166682691938
8850.0 ,1.0 ,0.3450000000000002 ,-0.27961478494185665
8840.0 ,1.0 ,0.30000000000000016 ,-0.2636797436295517
8830.0 ,0.9000000000000007 ,0.22500000000000012 ,-0.2856754620049808
8820.0 ,1.0 ,0.41500000000000026 ,-0.24535853356479376
8810.0 ,1.0 ,0.2600000000000001 ,-0.2815778245691509
8800.0 ,1.0 ,0.10500000000000002 ,-0.35990945391486096
8790.0 ,1.0 ,0.23000000000000012 ,-0.2957841423925883
8780.0 ,1.0 ,0.4400000000000003 ,-0.23487470441257405
8770.0 ,0.8950000000000007 ,0.6300000000000004 ,-0.16673076834267875
8760.0 ,0.6800000000000005 ,0.4650000000000003 ,-0.17390431142044271
8750.0 ,0.7550000000000006 ,0.5500000000000004 ,-0.16370551645730086
8740.0 ,0.7600000000000006 ,0.5100000000000003 ,-0.1766399165925111
8730.0 ,0.5850000000000004 ,0.4400000000000003 ,-0.094200091807972
8720.0 ,0.6150000000000004 ,0.3300000000000002 ,-0.12443487026997632
8710.0 ,0.8000000000000006 ,0.2600000000000001 ,-0.25284815675018035
8700.0 ,0.6450000000000005 ,0.40500000000000025 ,-0.11291164307319804
8690.0 ,0.4900000000000003 ,0.3300000000000002 ,-0.09992653126936156
8680.0 ,0.3200000000000002 ,0.5250000000000004 ,-0.02009031071998016
8670.0 ,0.5100000000000003 ,0.5100000000000003 ,-0.06474169086336089
8660.0 ,0.3500000000000002 ,0.5100000000000003 ,-0.030048791125763724
8650.0 ,0.18500000000000008 ,0.40000000000000024 ,-0.01419425726200501
8640.0 ,0.19000000000000009 ,0.3600000000000002 ,-0.024405528546061865
8630.0 ,0.0 ,0.18000000000000008 ,-0.019933951222376324
8620.0 ,0.15000000000000005 ,0.30500000000000016 ,-0.027255452285385194
8610.0 ,0.17500000000000007 ,0.4900000000000003 ,0.007581169240523867
8600.0 ,0.38500000000000023 ,0.6350000000000005 ,0.015061708507378521
8590.0 ,0.4650000000000003 ,0.7700000000000006 ,-0.014485293752162037
8580.0 ,0.3350000000000002 ,0.7700000000000006 ,0.08144491163695139
8570.0 ,0.18000000000000008 ,0.5900000000000004 ,0.02618715490395565
8560.0 ,0.23500000000000013 ,0.8000000000000006 ,-0.20787603078429046
8550.0 ,0.17000000000000007 ,0.6150000000000004 ,0.03332093405044121
8540.0 ,0.14000000000000004 ,0.4650000000000003 ,0.010996327861766193
8530.0 ,0.0 ,0.30500000000000016 ,0.010151140110323767
8520.0 ,0.0 ,0.2050000000000001 ,-0.01380946655786773
8510.0 ,0.0 ,0.3200000000000002 ,0.013654111744159952
8500.0 ,0.12000000000000004 ,0.2000000000000001 ,-0.04499190503663866
8490.0 ,0.28500000000000014 ,0.05499999999999999 ,-0.12118357947551453
8480.0 ,0.28000000000000014 ,0.05499999999999999 ,-0.11999878934959118
8470.0 ,0.3350000000000002 ,0.02 ,-0.14162102924748698
8460.0 ,0.3600000000000002 ,0.1950000000000001 ,-0.10385289868451517
8450.0 ,0.4850000000000003 ,0.3300000000000002 ,-0.09888826972162328
8440.0 ,0.4850000000000003 ,0.4500000000000003 ,-0.0721272992986002
8430.0 ,0.5200000000000004 ,0.28500000000000014 ,-0.1165996413759618
8420.0 ,0.6850000000000005 ,0.28500000000000014 ,-0.14742118662383402
8410.0 ,0.6800000000000005 ,0.23000000000000012 ,-0.15973452772393448
8400.0 ,0.8850000000000007 ,0.12000000000000004 ,-0.3370397287095278
8390.0 ,0.9000000000000007 ,0.10000000000000002 ,-0.34980573505650014
8380.0 ,0.9250000000000007 ,0.13000000000000003 ,-0.3374844429598517
8370.0 ,0.8050000000000006 ,0.2150000000000001 ,-0.18339260586637185
8360.0 ,0.7700000000000006 ,0.05499999999999999 ,-0.21771902699918977
8350.0 ,0.8250000000000006 ,0.005 ,-0.2384409691772411
8340.0 ,0.8550000000000006 ,0.0 ,-0.39487172737860643
8330.0 ,1.0 ,0.0 ,-0.4148135590147807
8320.0 ,1.0 ,0.0 ,-0.4148135590147807
8310.0 ,1.0 ,0.06499999999999999 ,-0.38109204492974247
8300.0 ,0.9800000000000008 ,0.0 ,-0.4124878435481243
8290.0 ,0.9000000000000007 ,0.0 ,-0.40188338404552504
8280.0 ,0.8800000000000007 ,0.18000000000000008 ,-0.30513564161356144
8270.0 ,0.7200000000000005 ,0.3450000000000002 ,-0.13930408873634226
8260.0 ,0.7000000000000005 ,0.30000000000000016 ,-0.14642951678371297
8250.0 ,0.6800000000000005 ,0.39500000000000024 ,-0.12127128137735688
8240.0 ,0.7100000000000005 ,0.41000000000000025 ,-0.20378939479962938
8230.0 ,0.9000000000000007 ,0.3400000000000002 ,-0.2714924827699201
8220.0 ,0.8150000000000006 ,0.5250000000000004 ,-0.18193718728013397
8210.0 ,0.8550000000000006 ,0.3650000000000002 ,-0.2521346741401793
8200.0 ,0.8400000000000006 ,0.1950000000000001 ,-0.29118740799195497
8190.0 ,0.6850000000000005 ,0.3650000000000002 ,-0.12886833372305284
8180.0 ,0.6750000000000005 ,0.5100000000000003 ,-0.1570486522959274
8170.0 ,0.6300000000000004 ,0.5200000000000004 ,-0.14084789167519435
8160.0 ,0.8050000000000006 ,0.42500000000000027 ,-0.21624847424776159
8150.0 ,0.8950000000000007 ,0.4400000000000003 ,-0.22333343624804927
8140.0 ,1.0 ,0.40000000000000024 ,-0.2520766471829345
8130.0 ,0.8700000000000007 ,0.5650000000000004 ,-0.17893945725436758
8120.0 ,0.9800000000000008 ,0.7500000000000006 ,-0.15453934082857027
8110.0 ,0.9600000000000007 ,0.7300000000000005 ,-0.15563041074007797
8100.0 ,0.8100000000000006 ,0.8150000000000006 ,-0.12301197550601564
8090.0 ,0.7350000000000005 ,0.7000000000000005 ,-0.12609379354770212
8080.0 ,0.5650000000000004 ,0.5300000000000004 ,-0.11464903394189635
8070.0 ,0.6300000000000004 ,0.5500000000000004 ,-0.1319946179846657
8060.0 ,0.4850000000000003 ,0.6650000000000005 ,-0.04394499332126206
8050.0 ,0.4650000000000003 ,0.6350000000000005 ,-0.038918475785303525
8040.0 ,0.5000000000000003 ,0.8050000000000006 ,-0.028794551281665526
8030.0 ,0.3700000000000002 ,0.7100000000000005 ,0.0417447743511081
8020.0 ,0.23500000000000013 ,0.8600000000000007 ,-0.20781812570056496
8010.0 ,0.42000000000000026 ,0.7700000000000006 ,0.014170927681409873
8000.0 ,0.9900000000000008 ,0.030000000000000002 ,-0.39828311930475807
7990.0 ,0.8150000000000006 ,0.0 ,-0.23823444170970773
7980.0 ,0.9650000000000007 ,0.0 ,-0.41066324938198073
7970.0 ,0.9050000000000007 ,0.10500000000000002 ,-0.34788375540187433
7960.0 ,0.8400000000000006 ,0.11500000000000003 ,-0.21311679665851435
7950.0 ,0.9950000000000008 ,0.12000000000000004 ,-0.3514094480060302
7940.0 ,0.8350000000000006 ,0.06499999999999999 ,-0.22488377622111194
7930.0 ,1.0 ,0.030000000000000002 ,-0.39942610223852404
7920.0 ,0.8400000000000006 ,0.0 ,-0.24183354359164372
7910.0 ,0.6500000000000005 ,0.045 ,-0.2002540721963073
7900.0 ,0.6200000000000004 ,0.11500000000000003 ,-0.17735435717155404
7890.0 ,0.5600000000000004 ,0.2150000000000001 ,-0.14134830217570227
7880.0 ,0.7150000000000005 ,0.10500000000000002 ,-0.1964258560845325
7870.0 ,0.6550000000000005 ,0.09500000000000001 ,-0.1886487529907619
7860.0 ,0.6900000000000005 ,0.0 ,-0.21845617281438726
7850.0 ,0.7700000000000006 ,0.0 ,-0.23145861032209725
7840.0 ,0.8850000000000007 ,0.17000000000000007 ,-0.3109973911885252
7830.0 ,0.7200000000000005 ,0.1950000000000001 ,-0.17498859511778384
7820.0 ,0.5600000000000004 ,0.06499999999999999 ,-0.1784782718213102
7810.0 ,0.49500000000000033 ,0.24000000000000013 ,-0.12225022567934958
7800.0 ,0.5250000000000004 ,0.24000000000000013 ,-0.12836272840772114
7790.0 ,0.39500000000000024 ,0.2050000000000001 ,-0.10928252367324791
7780.0 ,0.4550000000000003 ,0.14000000000000004 ,-0.13835699682746502
7770.0 ,0.5150000000000003 ,0.28500000000000014 ,-0.11558745541425611
7760.0 ,0.6050000000000004 ,0.4650000000000003 ,-0.09262878167122894
7750.0 ,0.6850000000000005 ,0.6100000000000004 ,-0.13242804421600707
7740.0 ,0.6450000000000005 ,0.43000000000000027 ,-0.10743535608311956
7730.0 ,0.6750000000000005 ,0.38500000000000023 ,-0.12264004184923026
7720.0 ,0.6650000000000005 ,0.3350000000000002 ,-0.13226939042366687
7710.0 ,0.6550000000000005 ,0.15500000000000005 ,-0.17373721059949931
7700.0 ,0.5750000000000004 ,0.2550000000000001 ,-0.13458520103025307
7690.0 ,0.7250000000000005 ,0.4400000000000003 ,-0.19446367274161847
7680.0 ,0.7800000000000006 ,0.4800000000000003 ,-0.1905258271662726
7670.0 ,0.8050000000000006 ,0.5450000000000004 ,-0.17440230091862102
7660.0 ,0.8050000000000006 ,0.6250000000000004 ,-0.1544271389656619
7650.0 ,0.6500000000000005 ,0.5600000000000004 ,-0.13531396052197575
7640.0 ,0.5400000000000004 ,0.5000000000000003 ,-0.07282104772142368
7630.0 ,0.40500000000000025 ,0.5300000000000004 ,-0.03838136820560027
7620.0 ,0.5250000000000004 ,0.40000000000000024 ,-0.09120539379070942
7610.0 ,0.5250000000000004 ,0.49500000000000033 ,-0.07085419359173248
7600.0 ,0.4650000000000003 ,0.5950000000000004 ,-0.04820080690665268
7590.0 ,0.4650000000000003 ,0.41500000000000026 ,-0.07551651948412119
7580.0 ,0.3500000000000002 ,0.39500000000000024 ,-0.0545863806003485
7570.0 ,0.2100000000000001 ,0.4900000000000003 ,-9.927063909518155E-4
7560.0 ,0.3300000000000002 ,0.6250000000000004 ,-0.00321250252958849
7550.0 ,0.2150000000000001 ,0.6450000000000005 ,0.027749152829992407
7540.0 ,0.23500000000000013 ,0.8250000000000006 ,-0.20785216380450933
7530.0 ,0.15000000000000005 ,0.9400000000000007 ,-0.19296564517593703
7520.0 ,0.27000000000000013 ,0.9700000000000008 ,-0.21326887326777869
7510.0 ,0.4400000000000003 ,0.9750000000000008 ,0.024905452998586763
7500.0 ,0.3200000000000002 ,0.9050000000000007 ,-0.21997168214542678
7490.0 ,0.38500000000000023 ,0.9100000000000007 ,0.05748273438238834
7480.0 ,0.4800000000000003 ,0.8900000000000007 ,-0.00759951812284862
7470.0 ,0.5000000000000003 ,1.0 ,-0.007652152774935639
7460.0 ,0.5850000000000004 ,0.8600000000000007 ,-0.05950908463329274
7450.0 ,0.6050000000000004 ,0.8000000000000006 ,-0.07441277754739004
7440.0 ,0.6450000000000005 ,0.6850000000000005 ,-0.10572882107274877
7430.0 ,0.4850000000000003 ,0.5250000000000004 ,-0.056556950850974855
7420.0 ,0.6550000000000005 ,0.6650000000000005 ,-0.11249401959671235
7410.0 ,0.5500000000000004 ,0.8350000000000006 ,-0.04846927153620878
7400.0 ,0.4600000000000003 ,0.6600000000000005 ,-0.03070803004021283
7390.0 ,0.3200000000000002 ,0.6450000000000005 ,0.07253383242806948
7380.0 ,0.3300000000000002 ,0.5600000000000004 ,-0.015481661270884642
7370.0 ,0.5050000000000003 ,0.6150000000000004 ,-0.06515377728008764
7360.0 ,0.4650000000000003 ,0.6350000000000005 ,-0.038918475785303525
7350.0 ,0.4550000000000003 ,0.7800000000000006 ,-0.007026950598314957
7340.0 ,0.28500000000000014 ,0.8900000000000007 ,-0.21533668846967352
7330.0 ,0.11000000000000003 ,0.7350000000000005 ,-0.18582364711427124
7320.0 ,0.0 ,0.7750000000000006 ,0.44525034166077815
7310.0 ,0.18000000000000008 ,0.8900000000000007 ,-0.19839691788374372
7300.0 ,0.17000000000000007 ,0.7650000000000006 ,-0.1967018444615659
7290.0 ,0.005 ,0.7000000000000005 ,-0.16706957329597433
7280.0 ,0.17500000000000007 ,0.8650000000000007 ,-0.19754128109705477
7270.0 ,0.30500000000000016 ,0.9200000000000007 ,-0.21806430479123265
7260.0 ,0.3750000000000002 ,0.8550000000000006 ,0.0590986231863497
7250.0 ,0.4650000000000003 ,0.9900000000000008 ,0.010836009722710455
7240.0 ,0.4700000000000003 ,1.0 ,0.008778405914961207
7230.0 ,0.3250000000000002 ,0.9050000000000007 ,-0.2205952778055096
7220.0 ,0.2000000000000001 ,0.9250000000000007 ,-0.20187850293834603
7210.0 ,0.3550000000000002 ,0.9800000000000008 ,-0.09745304653912149
7200.0 ,0.30500000000000016 ,0.9600000000000007 ,-0.2181401422775389
7190.0 ,0.40500000000000025 ,0.8250000000000006 ,0.03247835836062557
7180.0 ,0.27000000000000013 ,0.6900000000000005 ,-0.21323105405434686
7170.0 ,0.23000000000000012 ,0.5400000000000004 ,0.00429220027787134
7160.0 ,0.23000000000000012 ,0.5900000000000004 ,0.01398508377613767
7150.0 ,0.3400000000000002 ,0.6050000000000004 ,-0.00921083831098432
7140.0 ,0.39500000000000024 ,0.6500000000000005 ,0.010714451705107125
7130.0 ,0.30000000000000016 ,0.7600000000000006 ,-0.21749680504420446
7120.0 ,0.1950000000000001 ,0.8800000000000007 ,-0.20105126457995023
7110.0 ,0.025 ,1.0 ,0.3478545146175435
7100.0 ,0.0 ,1.0 ,0.3567617800661102
7090.0 ,0.0 ,1.0 ,0.3567617800661102
7080.0 ,0.01 ,0.8300000000000006 ,0.4432971209302867
7070.0 ,0.0 ,0.9100000000000007 ,0.4539336615960531
7060.0 ,0.06999999999999999 ,1.0 ,-0.17883551664991776
7050.0 ,0.19000000000000009 ,0.9350000000000007 ,-0.20011770051649774
7040.0 ,0.3200000000000002 ,0.9800000000000008 ,-0.22013420459498675
7030.0 ,0.39500000000000024 ,0.8950000000000007 ,0.04824642832154469
7020.0 ,0.5300000000000004 ,0.9250000000000007 ,-0.029345006664049378
7010.0 ,0.40000000000000024 ,0.7850000000000006 ,0.030623433671637224
7000.0 ,1.0 ,0.13000000000000003 ,-0.346692799279407
6990.0 ,0.9500000000000007 ,0.24500000000000013 ,-0.28276230433650174
6980.0 ,0.9400000000000007 ,0.3350000000000002 ,-0.2789931264976707
6970.0 ,0.7800000000000006 ,0.5050000000000003 ,-0.18207749600474307
6960.0 ,0.7350000000000005 ,0.3500000000000002 ,-0.23888880660749698
6950.0 ,0.6050000000000004 ,0.3550000000000002 ,-0.11683584554282091
6940.0 ,0.5850000000000004 ,0.30500000000000016 ,-0.12463691154288428
6930.0 ,0.6250000000000004 ,0.41000000000000025 ,-0.10819364080403628
6920.0 ,0.5850000000000004 ,0.27500000000000013 ,-0.13172053180248794
6910.0 ,0.4750000000000003 ,0.11500000000000003 ,-0.14879810890668807
6900.0 ,0.5350000000000004 ,0.16000000000000006 ,-0.1499118222046651
6890.0 ,0.6100000000000004 ,0.27000000000000013 ,-0.13760653371457776
6880.0 ,0.4850000000000003 ,0.43000000000000027 ,-0.07643767296789367
6870.0 ,0.4550000000000003 ,0.3800000000000002 ,-0.0811662487885623
6860.0 ,0.6050000000000004 ,0.2550000000000001 ,-0.14026230715896115
6850.0 ,0.4400000000000003 ,0.24500000000000013 ,-0.10944039818409394
6840.0 ,0.27500000000000013 ,0.3600000000000002 ,-0.04495203355105836
6830.0 ,0.18500000000000008 ,0.4450000000000003 ,-0.004372478054667846
6820.0 ,0.16500000000000006 ,0.5650000000000004 ,0.025092329754071465
6810.0 ,0.2550000000000001 ,0.6000000000000004 ,0.009844422510013037
6800.0 ,0.13000000000000003 ,0.7000000000000005 ,-0.18918453826885556
6790.0 ,0.015 ,0.6600000000000005 ,-0.1682236418515577
6780.0 ,0.01 ,0.7650000000000006 ,-0.16855382242022354
6770.0 ,0.02 ,0.8150000000000006 ,-0.17050183053658224
6760.0 ,0.0 ,0.9400000000000007 ,0.3596978212421576
6750.0 ,0.0 ,0.8500000000000006 ,0.4502323241671859
6740.0 ,0.14000000000000004 ,0.8600000000000007 ,-0.19129072549560558
6730.0 ,0.005 ,0.7600000000000006 ,0.4413944194923314
6720.0 ,0.0 ,0.7050000000000005 ,0.4401231567031604
6710.0 ,0.0 ,0.5450000000000004 ,0.0622918640507624
6700.0 ,0.049999999999999996 ,0.5000000000000003 ,0.040733060449141156
6690.0 ,0.14000000000000004 ,0.6450000000000005 ,0.046189395064120516
6680.0 ,0.14000000000000004 ,0.5100000000000003 ,0.020339915800344006
6670.0 ,0.2150000000000001 ,0.49500000000000033 ,-0.0011762930012190198
6660.0 ,0.2550000000000001 ,0.41500000000000026 ,-0.027882993996389008
6650.0 ,0.18000000000000008 ,0.5750000000000004 ,0.023327612826201563
6640.0 ,0.06999999999999999 ,0.6350000000000005 ,0.06183148356008413
6630.0 ,0.0 ,0.6500000000000005 ,-0.165208169028489
6620.0 ,0.0 ,0.7500000000000006 ,0.44348281776066645
6610.0 ,0.015 ,0.6800000000000005 ,-0.16860670864802074
6600.0 ,0.0 ,0.7300000000000005 ,0.44202089143371315
6590.0 ,0.0 ,0.8550000000000006 ,0.45054979485657326
6580.0 ,0.0 ,0.9650000000000007 ,0.35863881263027864
6570.0 ,0.02 ,0.9750000000000008 ,0.3509136936171603
6560.0 ,0.0 ,1.0 ,0.3567617800661102
6550.0 ,0.015 ,1.0 ,0.3513720676976577
6540.0 ,0.0 ,0.9950000000000008 ,0.35705782343992165
6530.0 ,0.0 ,1.0 ,0.3567617800661102
6520.0 ,0.0 ,1.0 ,0.3567617800661102
6510.0 ,0.0 ,0.9550000000000007 ,0.359090814305513
6500.0 ,0.05999999999999999 ,0.8150000000000006 ,-0.1773842942374479
6490.0 ,0.0 ,0.6800000000000005 ,0.43813188805027875
6480.0 ,0.15500000000000005 ,0.5450000000000004 ,0.023648315524129753
6470.0 ,0.27000000000000013 ,0.6300000000000004 ,0.011795151184837142
6460.0 ,0.24500000000000013 ,0.6500000000000005 ,0.021379351237754043
6450.0 ,0.3600000000000002 ,0.7450000000000006 ,0.05589307791933662
6440.0 ,0.38500000000000023 ,0.8950000000000007 ,0.05586335281813855
6430.0 ,0.29000000000000015 ,0.8900000000000007 ,-0.21602825488124283
6420.0 ,0.15500000000000005 ,1.0 ,-0.19379986920651848
6410.0 ,0.085 ,0.9100000000000007 ,-0.18157574693778497
6400.0 ,0.1950000000000001 ,0.9300000000000007 ,-0.20100110158075796
6390.0 ,0.16500000000000006 ,1.0 ,-0.1956051889213012
6380.0 ,0.2150000000000001 ,0.9200000000000007 ,-0.20446193214892172
6370.0 ,0.2550000000000001 ,0.8700000000000007 ,-0.21095568603103748
6360.0 ,0.3350000000000002 ,1.0 ,-0.22206730570006816
6350.0 ,0.30000000000000016 ,0.9250000000000007 ,-0.21740955861922975
6340.0 ,0.19000000000000009 ,0.9700000000000008 ,-0.20009676323150244
6330.0 ,0.3250000000000002 ,1.0 ,-0.22083703133309218
6320.0 ,0.18000000000000008 ,0.9550000000000007 ,-0.19832756867736392
6310.0 ,0.049999999999999996 ,0.8200000000000006 ,-0.17568829549839735
6300.0 ,0.0 ,0.9050000000000007 ,0.4536341431733918
6290.0 ,0.11500000000000003 ,0.8850000000000007 ,-0.18682269258775897
6280.0 ,0.18000000000000008 ,0.8050000000000006 ,-0.1984917057176424
6270.0 ,0.2200000000000001 ,0.7400000000000005 ,-0.20541082647226275
6260.0 ,0.10000000000000002 ,0.8900000000000007 ,-0.18419453889599716
6250.0 ,0.09000000000000001 ,1.0 ,-0.18226810774998206
6240.0 ,0.0 ,1.0 ,0.3567617800661102
6230.0 ,0.030000000000000002 ,1.0 ,0.34611280720818477
6220.0 ,0.09000000000000001 ,1.0 ,-0.18226810774998206
6210.0 ,0.2150000000000001 ,0.9650000000000007 ,-0.20445375643788757
6200.0 ,0.17000000000000007 ,1.0 ,-0.19650692480646617
6190.0 ,0.31000000000000016 ,1.0 ,-0.2189225432853338
6180.0 ,0.3700000000000002 ,1.0 ,-0.10210754653177626
6170.0 ,0.3550000000000002 ,1.0 ,-0.09494529772349375
6160.0 ,0.2150000000000001 ,0.9150000000000007 ,-0.20446465993046725
6150.0 ,0.09500000000000001 ,0.8350000000000006 ,-0.1833828123209228
6140.0 ,0.025 ,0.8200000000000006 ,-0.17138808490840346
6130.0 ,0.0 ,0.8100000000000006 ,0.4476294599385674
6120.0 ,0.10000000000000002 ,0.9550000000000007 ,-0.18408387939965007
6110.0 ,0.06999999999999999 ,0.9450000000000007 ,-0.17895135989094235
6100.0 ,0.075 ,0.9050000000000007 ,-0.1798757428971734
6090.0 ,0.0 ,1.0 ,0.3567617800661102
6080.0 ,0.025 ,1.0 ,0.3478545146175435
6070.0 ,0.0 ,0.9850000000000008 ,0.3576221179446215
6060.0 ,0.0 ,1.0 ,0.3567617800661102
6050.0 ,0.13000000000000003 ,0.9600000000000007 ,-0.18935861573917373
6040.0 ,0.075 ,0.9600000000000007 ,-0.17977233797071998
6030.0 ,0.14500000000000005 ,0.9500000000000007 ,-0.1920551022213376
6020.0 ,0.22500000000000012 ,0.8200000000000006 ,-0.20622506179551967
6010.0 ,0.3200000000000002 ,0.8700000000000007 ,-0.2199587829734931
6000.0 ,1.0 ,0.09500000000000001 ,-0.3652104789572285
5990.0 ,1.0 ,0.02 ,-0.4045963378892874
5980.0 ,1.0 ,0.11000000000000003 ,-0.3572606645663956
5970.0 ,1.0 ,0.09500000000000001 ,-0.3652104789572285
5960.0 ,0.9900000000000008 ,0.035 ,-0.3956855587131932
5950.0 ,0.9850000000000008 ,0.05499999999999999 ,-0.384641192274218
5940.0 ,1.0 ,0.0 ,-0.4148135590147807
5930.0 ,1.0 ,0.10000000000000002 ,-0.3625596189949483
5920.0 ,1.0 ,0.005 ,-0.4122761531784792
5910.0 ,1.0 ,0.025 ,-0.40201584930460965
5900.0 ,1.0 ,0.025 ,-0.40201584930460965
5890.0 ,1.0 ,0.11500000000000003 ,-0.3546139298807505
5880.0 ,0.9800000000000008 ,0.11500000000000003 ,-0.3523262242949478
5870.0 ,0.8500000000000006 ,0.005 ,-0.391516741500808
5860.0 ,0.9600000000000007 ,0.06999999999999999 ,-0.37372404093073636
5850.0 ,1.0 ,0.16500000000000006 ,-0.32840616735966677
5840.0 ,0.9800000000000008 ,0.035 ,-0.3945136003006845
5830.0 ,0.9900000000000008 ,0.035 ,-0.3956855587131932
5820.0 ,1.0 ,0.05999999999999999 ,-0.3837286966569501
5810.0 ,1.0 ,0.049999999999999996 ,-0.38898713309342137
5800.0 ,0.8800000000000007 ,0.085 ,-0.35474956017535875
5790.0 ,0.9750000000000008 ,0.0 ,-0.4118874716055334
5780.0 ,0.8350000000000006 ,0.0 ,-0.2411230887358921
5770.0 ,0.7200000000000005 ,0.0 ,-0.22347625532301316
5760.0 ,0.7700000000000006 ,0.0 ,-0.23145861032209725
5750.0 ,0.7800000000000006 ,0.05999999999999999 ,-0.2180081115864514
5740.0 ,0.6850000000000005 ,0.11500000000000003 ,-0.18888591162576576
5730.0 ,0.5500000000000004 ,0.16500000000000006 ,-0.1516470528790856
5720.0 ,0.5300000000000004 ,0.045 ,-0.1775525830089934
5710.0 ,0.41500000000000026 ,0.18000000000000008 ,-0.11982618125300312
5700.0 ,0.40500000000000025 ,0.06999999999999999 ,-0.14494293732781252
5690.0 ,0.5400000000000004 ,0.0 ,-0.19078539277339573
5680.0 ,0.6800000000000005 ,0.0 ,-0.21674433849273705
5670.0 ,0.6600000000000005 ,0.0 ,-0.21326305931622286
5660.0 ,0.6600000000000005 ,0.0 ,-0.21326305931622286
5650.0 ,0.6250000000000004 ,0.0 ,-0.20698674307738654
5640.0 ,0.6800000000000005 ,0.10000000000000002 ,-0.19176515101379707
5630.0 ,0.6900000000000005 ,0.14500000000000005 ,-0.1822877700033726
5620.0 ,0.7000000000000005 ,0.2050000000000001 ,-0.1692165518186171
5610.0 ,0.7950000000000006 ,0.3350000000000002 ,-0.2587208349509125
5600.0 ,0.7550000000000006 ,0.4650000000000003 ,-0.19112916447269468
5590.0 ,0.6900000000000005 ,0.5700000000000004 ,-0.1435609421263665
5580.0 ,0.6850000000000005 ,0.6750000000000005 ,-0.11878449102874
5570.0 ,0.7750000000000006 ,0.6900000000000005 ,-0.13602477137314206
5560.0 ,0.8250000000000006 ,0.6900000000000005 ,-0.1447689018260135
5550.0 ,0.7400000000000005 ,0.5950000000000004 ,-0.1489039559170331
5540.0 ,0.6950000000000005 ,0.5650000000000004 ,-0.1461399990109967
5530.0 ,0.7600000000000006 ,0.4350000000000003 ,-0.2038378768138872
5520.0 ,0.7850000000000006 ,0.5150000000000003 ,-0.17981112407139502
5510.0 ,0.8650000000000007 ,0.6100000000000004 ,-0.16713707031003547
5500.0 ,0.8400000000000006 ,0.5900000000000004 ,-0.16820565617988628
5490.0 ,0.8800000000000007 ,0.5650000000000004 ,-0.18030607220359962
5480.0 ,1.0 ,0.6450000000000005 ,-0.1751823117443741
5470.0 ,0.9700000000000008 ,0.5300000000000004 ,-0.20071852377340615
5460.0 ,1.0 ,0.5900000000000004 ,-0.187516446479968
5450.0 ,1.0 ,0.7000000000000005 ,-0.1647132828975799
5440.0 ,1.0 ,0.7500000000000006 ,-0.15649157642613956
5430.0 ,0.8750000000000007 ,0.7200000000000005 ,-0.14698727195704636
5420.0 ,0.8650000000000007 ,0.7000000000000005 ,-0.14902164218314257
5410.0 ,0.9900000000000008 ,0.5850000000000004 ,-0.18778764973913234
5400.0 ,0.9650000000000007 ,0.49500000000000033 ,-0.2112243056050207
5390.0 ,0.9200000000000007 ,0.5350000000000004 ,-0.19371466062125908
5380.0 ,1.0 ,0.5750000000000004 ,-0.19126531151644546
5370.0 ,0.9650000000000007 ,0.5550000000000004 ,-0.193079764611073
5360.0 ,1.0 ,0.5150000000000003 ,-0.20823767794977907
5350.0 ,0.9550000000000007 ,0.5150000000000003 ,-0.20370958248279003
5340.0 ,0.8450000000000006 ,0.4900000000000003 ,-0.19788814946545266
5330.0 ,0.9000000000000007 ,0.4650000000000003 ,-0.21431836979492236
5320.0 ,0.9950000000000008 ,0.5250000000000004 ,-0.20469421030701923
5310.0 ,1.0 ,0.6500000000000005 ,-0.17415996311422133
5300.0 ,0.9000000000000007 ,0.5950000000000004 ,-0.17534487318750866
5290.0 ,1.0 ,0.5650000000000004 ,-0.19386691747743998
5280.0 ,0.9300000000000007 ,0.5800000000000004 ,-0.18267099857395153
5270.0 ,1.0 ,0.5500000000000004 ,-0.19793159355223044
5260.0 ,0.9150000000000007 ,0.5500000000000004 ,-0.18884059933036726
5250.0 ,0.9250000000000007 ,0.5650000000000004 ,-0.18596308757617228
5240.0 ,0.8150000000000006 ,0.4500000000000003 ,-0.20775508259626382
5230.0 ,0.8500000000000006 ,0.5500000000000004 ,-0.18014850540267852
5220.0 ,0.8850000000000007 ,0.6350000000000005 ,-0.16435161777580928
5210.0 ,0.8900000000000007 ,0.5850000000000004 ,-0.17650246653023569
5200.0 ,0.9750000000000008 ,0.5250000000000004 ,-0.20272509055680993
5190.0 ,1.0 ,0.5000000000000003 ,-0.21303819003740584
5180.0 ,0.9200000000000007 ,0.5700000000000004 ,-0.1840592331563201
5170.0 ,0.9050000000000007 ,0.6350000000000005 ,-0.1669282898302344
5160.0 ,0.8450000000000006 ,0.7000000000000005 ,-0.14609706880391132
5150.0 ,0.9550000000000007 ,0.7500000000000006 ,-0.15193588216713863
5140.0 ,0.9650000000000007 ,0.8600000000000007 ,-0.13820166311524665
5130.0 ,1.0 ,0.7950000000000006 ,-0.14995517540727632
5120.0 ,1.0 ,0.7350000000000005 ,-0.15884372010659262
5110.0 ,0.9900000000000008 ,0.6800000000000005 ,-0.1673697503991827
5100.0 ,1.0 ,0.6200000000000004 ,-0.18053083971286563
5090.0 ,1.0 ,0.5800000000000004 ,-0.18999564268911914
5080.0 ,1.0 ,0.4650000000000003 ,-0.22523426152734458
5070.0 ,0.9350000000000007 ,0.5850000000000004 ,-0.18199469445935681
5060.0 ,0.9600000000000007 ,0.6850000000000005 ,-0.16339277052829437
5050.0 ,1.0 ,0.7150000000000005 ,-0.16212931883120596
5040.0 ,1.0 ,0.6600000000000005 ,-0.17216001611517712
5030.0 ,1.0 ,0.6800000000000005 ,-0.16833060356810464
5020.0 ,0.8900000000000007 ,0.5950000000000004 ,-0.17405851386628504
5010.0 ,0.9000000000000007 ,0.7050000000000005 ,-0.15284471489837967
5000.0 ,1.0 ,0.085 ,-0.37051155488743354
4990.0 ,1.0 ,0.06499999999999999 ,-0.38109204492974247
4980.0 ,1.0 ,0.06999999999999999 ,-0.37845132943878346
4970.0 ,0.8850000000000007 ,0.18500000000000008 ,-0.3033473408107835
4960.0 ,0.7900000000000006 ,0.09000000000000001 ,-0.21203331113907897
4950.0 ,0.8650000000000007 ,0.16000000000000006 ,-0.3130752330606187
4940.0 ,0.9050000000000007 ,0.09500000000000001 ,-0.35316814300603416
4930.0 ,1.0 ,0.2100000000000001 ,-0.3055821202498157
4920.0 ,0.9750000000000008 ,0.17000000000000007 ,-0.32296988357425405
4910.0 ,1.0 ,0.12500000000000003 ,-0.34932932632186664
4900.0 ,0.9250000000000007 ,0.11500000000000003 ,-0.34538621696292515
4890.0 ,0.9600000000000007 ,0.06999999999999999 ,-0.37372404093073636
4880.0 ,0.9050000000000007 ,0.02 ,-0.3924289279247924
4870.0 ,0.8850000000000007 ,0.01 ,-0.39457139111736717
4860.0 ,0.8600000000000007 ,0.08 ,-0.3542429228570121
4850.0 ,0.8400000000000006 ,0.075 ,-0.22309525161006855
4840.0 ,0.8150000000000006 ,0.13500000000000004 ,-0.20454587758306222
4830.0 ,0.8650000000000007 ,0.10500000000000002 ,-0.34185479473396485
4820.0 ,0.9650000000000007 ,0.14000000000000004 ,-0.3373662018934056
4810.0 ,0.8700000000000007 ,0.11500000000000003 ,-0.3373714666804525
4800.0 ,0.9400000000000007 ,0.030000000000000002 ,-0.39210388509790384
4790.0 ,0.8600000000000007 ,0.02 ,-0.38552602927651836
4780.0 ,0.8550000000000006 ,0.0 ,-0.39487172737860643
4770.0 ,0.8750000000000007 ,0.0 ,-0.3980902154905356
4760.0 ,0.8750000000000007 ,0.0 ,-0.3980902154905356
4750.0 ,0.9500000000000007 ,0.08 ,-0.367181208366955
4740.0 ,0.9300000000000007 ,0.075 ,-0.3672042977437824
4730.0 ,0.8250000000000006 ,0.18000000000000008 ,-0.19488041087982647
4720.0 ,0.9150000000000007 ,0.28500000000000014 ,-0.25989156900131655
4710.0 ,0.8600000000000007 ,0.2600000000000001 ,-0.26311527993391426
4700.0 ,0.9150000000000007 ,0.30000000000000016 ,-0.25335013554697383
4690.0 ,0.8850000000000007 ,0.3250000000000002 ,-0.2780215934862307
4680.0 ,0.8400000000000006 ,0.42500000000000027 ,-0.2218648588336743
4670.0 ,0.9500000000000007 ,0.5000000000000003 ,-0.2079720159624327
4660.0 ,0.9200000000000007 ,0.4450000000000003 ,-0.22441746972704596
4650.0 ,0.9400000000000007 ,0.4700000000000003 ,-0.21723742345142205
4640.0 ,0.9750000000000008 ,0.4800000000000003 ,-0.21738844772375487
4630.0 ,0.9250000000000007 ,0.3800000000000002 ,-0.25369809530728293
4620.0 ,0.8650000000000007 ,0.41500000000000026 ,-0.22981413983745616
4610.0 ,0.9650000000000007 ,0.3700000000000002 ,-0.263066012153687
4600.0 ,0.9850000000000008 ,0.27000000000000013 ,-0.275319334929797
4590.0 ,0.9800000000000008 ,0.3650000000000002 ,-0.26713022985419177
4580.0 ,0.9350000000000007 ,0.31000000000000016 ,-0.25173135237772404
4570.0 ,0.8400000000000006 ,0.3350000000000002 ,-0.26601964695312663
4560.0 ,0.9250000000000007 ,0.3500000000000002 ,-0.2690739981571642
4550.0 ,1.0 ,0.3200000000000002 ,-0.2936785283801675
4540.0 ,0.9000000000000007 ,0.3400000000000002 ,-0.2714924827699201
4530.0 ,0.9450000000000007 ,0.3650000000000002 ,-0.26347370982692153
4520.0 ,0.9450000000000007 ,0.43000000000000027 ,-0.2333614572924662
4510.0 ,1.0 ,0.5200000000000004 ,-0.2066906342781537
4500.0 ,1.0 ,0.4450000000000003 ,-0.23288102416711046
4490.0 ,1.0 ,0.5100000000000003 ,-0.20981094998469849
4480.0 ,0.9750000000000008 ,0.4500000000000003 ,-0.22848142679920033
4470.0 ,0.9350000000000007 ,0.4500000000000003 ,-0.22419638072401998
4460.0 ,0.9400000000000007 ,0.3750000000000002 ,-0.2578739117907031
4450.0 ,1.0 ,0.4800000000000003 ,-0.2198296768157168
4440.0 ,1.0 ,0.5800000000000004 ,-0.18999564268911914
4430.0 ,1.0 ,0.5850000000000004 ,-0.1887461603474965
4420.0 ,0.9850000000000008 ,0.6750000000000005 ,-0.1678159436203365
4410.0 ,1.0 ,0.7400000000000005 ,-0.15804934903445336
4400.0 ,1.0 ,0.7300000000000005 ,-0.15964868799840953
4390.0 ,0.9300000000000007 ,0.7300000000000005 ,-0.15229485465038411
4380.0 ,0.8400000000000006 ,0.7200000000000005 ,-0.14190448022702742
4370.0 ,0.8850000000000007 ,0.7700000000000006 ,-0.14053001163240264
4360.0 ,0.9650000000000007 ,0.7550000000000006 ,-0.15223585953960767
4350.0 ,1.0 ,0.8150000000000006 ,-0.14727668314188813
4340.0 ,0.9900000000000008 ,0.8750000000000007 ,-0.13899979784713645
4330.0 ,1.0 ,0.7900000000000006 ,-0.1506455203058587
4320.0 ,1.0 ,0.7950000000000006 ,-0.14995517540727632
4310.0 ,0.9000000000000007 ,0.8050000000000006 ,-0.13758409796358168
4300.0 ,0.9950000000000008 ,0.8000000000000006 ,-0.1487952425268109
4290.0 ,0.9150000000000007 ,0.8950000000000007 ,-0.1285890074774661
4280.0 ,0.9300000000000007 ,0.9150000000000007 ,-0.1282498913124557
4270.0 ,0.9950000000000008 ,0.8500000000000006 ,-0.14240867427631126
4260.0 ,0.9150000000000007 ,0.8750000000000007 ,-0.13081138473419027
4250.0 ,1.0 ,0.9100000000000007 ,-0.13613744135365138
4240.0 ,0.9000000000000007 ,0.9400000000000007 ,-0.12206813957406368
4230.0 ,0.8200000000000006 ,0.9200000000000007 ,-0.11249253038885546
4220.0 ,0.7200000000000005 ,0.9350000000000007 ,-0.0914762137114451
4210.0 ,0.7900000000000006 ,0.9300000000000007 ,-0.10630135424903854
4200.0 ,0.8050000000000006 ,0.9300000000000007 ,-0.10895321461295399
4190.0 ,0.8050000000000006 ,0.9050000000000007 ,-0.11153541434039971
4180.0 ,0.7950000000000006 ,0.9300000000000007 ,-0.10720004878714841
4170.0 ,0.8500000000000006 ,0.8850000000000007 ,-0.12092478024762993
4160.0 ,0.7650000000000006 ,0.8250000000000006 ,-0.11348810436309625
4150.0 ,0.8650000000000007 ,0.7350000000000005 ,-0.14313893681071635
4140.0 ,0.8300000000000006 ,0.8250000000000006 ,-0.12499969116693715
4130.0 ,0.9100000000000007 ,0.8400000000000006 ,-0.13434046039068803
4120.0 ,0.9150000000000007 ,0.8100000000000006 ,-0.13878591979303562
4110.0 ,0.8950000000000007 ,0.7600000000000006 ,-0.14332426072887108
4100.0 ,0.8600000000000007 ,0.7900000000000006 ,-0.13420938910842087
4090.0 ,0.9100000000000007 ,0.8100000000000006 ,-0.13817271075858262
4080.0 ,0.8350000000000006 ,0.7800000000000006 ,-0.13186670061752223
4070.0 ,0.8650000000000007 ,0.7750000000000006 ,-0.13705176427226778
4060.0 ,0.9050000000000007 ,0.7500000000000006 ,-0.14611692792384542
4050.0 ,0.8400000000000006 ,0.8000000000000006 ,-0.12985643537177707
4040.0 ,0.8000000000000006 ,0.8250000000000006 ,-0.11999412921326316
4030.0 ,0.7600000000000006 ,0.7600000000000006 ,-0.1215193989331354
4020.0 ,0.7700000000000006 ,0.8450000000000006 ,-0.11196591404149125
4010.0 ,0.8650000000000007 ,0.8600000000000007 ,-0.12596612315361758
4000.0 ,1.0 ,0.005 ,-0.4122761531784792
3990.0 ,0.9900000000000008 ,0.08 ,-0.37202562195104805
3980.0 ,0.9650000000000007 ,0.05999999999999999 ,-0.37961357261519424
3970.0 ,0.9100000000000007 ,0.11500000000000003 ,-0.3433139353741805
3960.0 ,0.9700000000000008 ,0.049999999999999996 ,-0.3854779220378143
3950.0 ,0.9400000000000007 ,0.11500000000000003 ,-0.34737869372245944
3940.0 ,0.8800000000000007 ,0.049999999999999996 ,-0.3731499691585307
3930.0 ,0.9000000000000007 ,0.075 ,-0.36300934821251374
3920.0 ,0.9850000000000008 ,0.02 ,-0.40286826302578416
3910.0 ,0.9650000000000007 ,0.0 ,-0.41066324938198073
3900.0 ,0.9200000000000007 ,0.05499999999999999 ,-0.37636804072972174
3890.0 ,0.9950000000000008 ,0.085 ,-0.36994822829707996
3880.0 ,1.0 ,0.13500000000000004 ,-0.34406100916112675
3870.0 ,0.9600000000000007 ,0.075 ,-0.37108329235754006
3860.0 ,1.0 ,0.030000000000000002 ,-0.39942610223852404
3850.0 ,1.0 ,0.030000000000000002 ,-0.39942610223852404
3840.0 ,1.0 ,0.075 ,-0.37580722412734324
3830.0 ,1.0 ,0.10000000000000002 ,-0.3625596189949483
3820.0 ,1.0 ,0.01 ,-0.4097270898531564
3810.0 ,1.0 ,0.049999999999999996 ,-0.38898713309342137
3800.0 ,1.0 ,0.045 ,-0.39160759205993645
3790.0 ,1.0 ,0.035 ,-0.3968277206823896
3780.0 ,1.0 ,0.06499999999999999 ,-0.38109204492974247
3770.0 ,0.9900000000000008 ,0.10500000000000002 ,-0.35877875883793553
3760.0 ,0.9400000000000007 ,0.18000000000000008 ,-0.313525348336031
3750.0 ,0.8800000000000007 ,0.2600000000000001 ,-0.2661888382471557
3740.0 ,0.8300000000000006 ,0.2100000000000001 ,-0.28203494032771503
3730.0 ,0.7850000000000006 ,0.2100000000000001 ,-0.18160825780496304
3720.0 ,0.7850000000000006 ,0.16500000000000006 ,-0.19264645658006
3710.0 ,0.7950000000000006 ,0.18000000000000008 ,-0.1904626812520943
3700.0 ,0.8800000000000007 ,0.10000000000000002 ,-0.3468297970711781
3690.0 ,0.8900000000000007 ,0.085 ,-0.3562600037082114
3680.0 ,0.8050000000000006 ,0.075 ,-0.21802359604518484
3670.0 ,0.8150000000000006 ,0.12500000000000003 ,-0.20702992529836295
3660.0 ,0.7550000000000006 ,0.05999999999999999 ,-0.21412474601047154
3650.0 ,0.7350000000000005 ,0.0 ,-0.22592136138726576
3640.0 ,0.7450000000000006 ,0.0 ,-0.22752740617849676
3630.0 ,0.8300000000000006 ,0.02 ,-0.2354161181635635
3620.0 ,0.8800000000000007 ,0.035 ,-0.3809583051511656
3610.0 ,0.8800000000000007 ,0.035 ,-0.3809583051511656
3600.0 ,0.9150000000000007 ,0.02 ,-0.3938556321715244
3590.0 ,0.9100000000000007 ,0.045 ,-0.38019757786339237
3580.0 ,0.8450000000000006 ,0.035 ,-0.23379946117166184
3570.0 ,0.8350000000000006 ,0.085 ,-0.21988706616322726
3560.0 ,0.8000000000000006 ,0.15000000000000005 ,-0.1986119303039439
3550.0 ,0.7650000000000006 ,0.10000000000000002 ,-0.20570275500728277
3540.0 ,0.7300000000000005 ,0.06999999999999999 ,-0.20762220628133238
3530.0 ,0.6550000000000005 ,0.0 ,-0.21238075912613194
3520.0 ,0.6400000000000005 ,0.0 ,-0.20970518648471334
3510.0 ,0.6200000000000004 ,0.030000000000000002 ,-0.19858084380519614
3500.0 ,0.6200000000000004 ,0.11000000000000003 ,-0.17859948448292753
3490.0 ,0.6100000000000004 ,0.18000000000000008 ,-0.1594179031863204
3480.0 ,0.6550000000000005 ,0.2200000000000001 ,-0.15779590391895826
3470.0 ,0.6500000000000005 ,0.27500000000000013 ,-0.1436844656382588
3460.0 ,0.7050000000000005 ,0.3550000000000002 ,-0.13452786776176623
3450.0 ,0.6300000000000004 ,0.27500000000000013 ,-0.14008843131020518
3440.0 ,0.5950000000000004 ,0.1950000000000001 ,-0.15293448520113376
3430.0 ,0.5200000000000004 ,0.16000000000000006 ,-0.1469019020179455
3420.0 ,0.5350000000000004 ,0.15000000000000005 ,-0.15238444110203353
3410.0 ,0.5850000000000004 ,0.18000000000000008 ,-0.15472200287558438
3400.0 ,0.5750000000000004 ,0.2100000000000001 ,-0.14546701438006326
3390.0 ,0.5150000000000003 ,0.22500000000000012 ,-0.1299705441511822
3380.0 ,0.5050000000000003 ,0.18000000000000008 ,-0.13892362633798722
3370.0 ,0.5250000000000004 ,0.2100000000000001 ,-0.13563715380041777
3360.0 ,0.5650000000000004 ,0.14000000000000004 ,-0.16076019259328106
3350.0 ,0.6350000000000005 ,0.09500000000000001 ,-0.18507178633088864
3340.0 ,0.6300000000000004 ,0.17500000000000007 ,-0.16431979784191714
3330.0 ,0.6600000000000005 ,0.2500000000000001 ,-0.15142963552052682
3320.0 ,0.6300000000000004 ,0.2100000000000001 ,-0.15574592221044148
3310.0 ,0.7050000000000005 ,0.16500000000000006 ,-0.1798743415028136
3300.0 ,0.6700000000000005 ,0.16500000000000006 ,-0.1738997706986199
3290.0 ,0.7250000000000005 ,0.2150000000000001 ,-0.1709268165419692
3280.0 ,0.7150000000000005 ,0.27000000000000013 ,-0.15603249288357213
3270.0 ,0.6500000000000005 ,0.29500000000000015 ,-0.13895086644132473
3260.0 ,0.7250000000000005 ,0.3600000000000002 ,-0.231410466193131
3250.0 ,0.6850000000000005 ,0.28500000000000014 ,-0.14742118662383402
3240.0 ,0.7450000000000006 ,0.29500000000000015 ,-0.15498459626748168
3230.0 ,0.7100000000000005 ,0.27000000000000013 ,-0.15520302875123018
3220.0 ,0.7100000000000005 ,0.28000000000000014 ,-0.15282545605481965
3210.0 ,0.6900000000000005 ,0.2200000000000001 ,-0.16387131760721357
3200.0 ,0.6800000000000005 ,0.23000000000000012 ,-0.15973452772393448
3190.0 ,0.6300000000000004 ,0.27500000000000013 ,-0.14008843131020518
3180.0 ,0.5800000000000004 ,0.29000000000000015 ,-0.12721302613007934
3170.0 ,0.6450000000000005 ,0.31000000000000016 ,-0.13453833982103458
3160.0 ,0.5850000000000004 ,0.3250000000000002 ,-0.11997235327169858
3150.0 ,0.6400000000000005 ,0.31000000000000016 ,-0.13364170958864552
3140.0 ,0.6400000000000005 ,0.3800000000000002 ,-0.11758539851955059
3130.0 ,0.6200000000000004 ,0.3450000000000002 ,-0.12189893751801249
3120.0 ,0.6950000000000005 ,0.38500000000000023 ,-0.2118172492100419
3110.0 ,0.7550000000000006 ,0.40000000000000024 ,-0.21807567068814926
3100.0 ,0.7200000000000005 ,0.3600000000000002 ,-0.2302938856692197
3090.0 ,0.7400000000000005 ,0.4350000000000003 ,-0.19975375025200945
3080.0 ,0.7100000000000005 ,0.4350000000000003 ,-0.19307357926398322
3070.0 ,0.6950000000000005 ,0.43000000000000027 ,-0.19153433545904125
3060.0 ,0.6750000000000005 ,0.4700000000000003 ,-0.1707402206166102
3050.0 ,0.7300000000000005 ,0.5050000000000003 ,-0.17198803568599197
3040.0 ,0.7650000000000006 ,0.4600000000000003 ,-0.19497627272379944
3030.0 ,0.8000000000000006 ,0.49500000000000033 ,-0.18895234753991927
3020.0 ,0.8650000000000007 ,0.43000000000000027 ,-0.2234102469178621
3010.0 ,0.8800000000000007 ,0.40000000000000024 ,-0.23859354435525315
3000.0 ,0.9450000000000007 ,0.045 ,-0.38495397845408996
2990.0 ,0.9100000000000007 ,0.035 ,-0.3854019560582708
2980.0 ,0.9150000000000007 ,0.049999999999999996 ,-0.37829088605485633
2970.0 ,0.8600000000000007 ,0.0 ,-0.39569224178978185
2960.0 ,0.8550000000000006 ,0.0 ,-0.39487172737860643
2950.0 ,0.8200000000000006 ,0.0 ,-0.23896364721327265
2940.0 ,0.8050000000000006 ,0.06999999999999999 ,-0.21927296084730727
2930.0 ,0.8400000000000006 ,0.045 ,-0.23059393943561124
2920.0 ,0.8550000000000006 ,0.11500000000000003 ,-0.3349765217690194
2910.0 ,0.8650000000000007 ,0.09500000000000001 ,-0.34713141278679027
2900.0 ,0.9300000000000007 ,0.035 ,-0.38817660345588856
2890.0 ,0.9200000000000007 ,0.09500000000000001 ,-0.355273361720458
2880.0 ,0.8700000000000007 ,0.16000000000000006 ,-0.31385855963035014
2870.0 ,0.8200000000000006 ,0.14000000000000004 ,-0.20403460728701261
2860.0 ,0.8400000000000006 ,0.075 ,-0.22309525161006855
2850.0 ,0.8000000000000006 ,0.025 ,-0.229777627202288
2840.0 ,0.7950000000000006 ,0.015 ,-0.23152725598680376
2830.0 ,0.7900000000000006 ,0.030000000000000002 ,-0.2270273146568526
2820.0 ,0.7650000000000006 ,0.0 ,-0.23068194248622276
2810.0 ,0.7450000000000006 ,0.0 ,-0.22752740617849676
2800.0 ,0.8000000000000006 ,0.02 ,-0.2310266797698879
2790.0 ,0.8500000000000006 ,0.035 ,-0.2345006022056334
2780.0 ,0.8700000000000007 ,0.05499999999999999 ,-0.36897757771758966
2770.0 ,0.8250000000000006 ,0.0 ,-0.23968815052081105
2760.0 ,0.8350000000000006 ,0.06499999999999999 ,-0.22488377622111194
2750.0 ,0.8000000000000006 ,0.11500000000000003 ,-0.20730177576652348
2740.0 ,0.7750000000000006 ,0.10500000000000002 ,-0.20600475568340765
2730.0 ,0.8000000000000006 ,0.10000000000000002 ,-0.21103933522071286
2720.0 ,0.8400000000000006 ,0.13000000000000003 ,-0.20938650757439087
2710.0 ,0.8450000000000006 ,0.13000000000000003 ,-0.21009230011856878
2700.0 ,0.8800000000000007 ,0.12000000000000004 ,-0.33628295516846896
2690.0 ,0.9400000000000007 ,0.16500000000000006 ,-0.32122185009459503
2680.0 ,0.9800000000000008 ,0.18000000000000008 ,-0.3184280672327132
2670.0 ,1.0 ,0.2000000000000001 ,-0.3105682833638315
2660.0 ,0.9550000000000007 ,0.23500000000000013 ,-0.2881446684733847
2650.0 ,0.8950000000000007 ,0.18000000000000008 ,-0.30735902819527255
2640.0 ,0.8500000000000006 ,0.2200000000000001 ,-0.2804825052090154
2630.0 ,0.9050000000000007 ,0.24500000000000013 ,-0.2768087374339908
2620.0 ,0.9400000000000007 ,0.19000000000000009 ,-0.30844821606113887
2610.0 ,0.9050000000000007 ,0.16500000000000006 ,-0.3164800395931563
2600.0 ,0.9300000000000007 ,0.2200000000000001 ,-0.2922233788447031
2590.0 ,0.9050000000000007 ,0.24500000000000013 ,-0.2768087374339908
2580.0 ,0.9250000000000007 ,0.30000000000000016 ,-0.254688801071535
2570.0 ,0.8800000000000007 ,0.27000000000000013 ,-0.26161828106697743
2560.0 ,0.8250000000000006 ,0.28500000000000014 ,-0.2460721010925862
2550.0 ,0.8450000000000006 ,0.2550000000000001 ,-0.26301002542956864
2540.0 ,0.8050000000000006 ,0.23000000000000012 ,-0.17975207725795742
2530.0 ,0.8600000000000007 ,0.28500000000000014 ,-0.2518429207408549
2520.0 ,0.8850000000000007 ,0.24000000000000013 ,-0.2762936989644281
2510.0 ,0.9400000000000007 ,0.2200000000000001 ,-0.29352419530073437
2500.0 ,0.9350000000000007 ,0.2100000000000001 ,-0.2977964062471582
2490.0 ,0.9100000000000007 ,0.15500000000000005 ,-0.32235693724636305
2480.0 ,0.8750000000000007 ,0.11500000000000003 ,-0.3381489492783216
2470.0 ,0.8750000000000007 ,0.08 ,-0.35661694149811324
2460.0 ,0.8200000000000006 ,0.06499999999999999 ,-0.22272433469849245
2450.0 ,0.8300000000000006 ,0.10500000000000002 ,-0.2141822151815616
2440.0 ,0.8700000000000007 ,0.05499999999999999 ,-0.36897757771758966
2430.0 ,0.8550000000000006 ,0.02 ,-0.38470754054077283
2420.0 ,0.8150000000000006 ,0.05499999999999999 ,-0.22449485838680022
2410.0 ,0.7600000000000006 ,0.075 ,-0.21116220082546688
2400.0 ,0.8000000000000006 ,0.049999999999999996 ,-0.22352892896018284
2390.0 ,0.8400000000000006 ,0.06499999999999999 ,-0.22559423107686355
2380.0 ,0.8900000000000007 ,0.10000000000000002 ,-0.348337326225585
2370.0 ,0.9350000000000007 ,0.05499999999999999 ,-0.3784031475365411
2360.0 ,0.9750000000000008 ,0.015 ,-0.40424710523627605
2350.0 ,0.9750000000000008 ,0.035 ,-0.3939161855724892
2340.0 ,0.9400000000000007 ,0.005 ,-0.404928279900126
2330.0 ,0.9700000000000008 ,0.02 ,-0.40107211101107854
2320.0 ,1.0 ,0.02 ,-0.4045963378892874
2310.0 ,1.0 ,0.0 ,-0.4148135590147807
2300.0 ,0.9850000000000008 ,0.04 ,-0.3924982086468515
2290.0 ,1.0 ,0.01 ,-0.4097270898531564
2280.0 ,1.0 ,0.0 ,-0.4148135590147807
2270.0 ,1.0 ,0.0 ,-0.4148135590147807
2260.0 ,1.0 ,0.01 ,-0.4097270898531564
2250.0 ,1.0 ,0.0 ,-0.4148135590147807
2240.0 ,0.9850000000000008 ,0.0 ,-0.41308053305482706
2230.0 ,0.9900000000000008 ,0.035 ,-0.3956855587131932
2220.0 ,0.9900000000000008 ,0.06999999999999999 ,-0.37731490760265884
2210.0 ,0.9400000000000007 ,0.035 ,-0.3895106315035444
2200.0 ,0.9700000000000008 ,0.035 ,-0.3933110045974139
2190.0 ,0.9500000000000007 ,0.0 ,-0.4087665648286929
2180.0 ,0.9050000000000007 ,0.02 ,-0.3924289279247924
2170.0 ,0.9550000000000007 ,0.049999999999999996 ,-0.38361857586603854
2160.0 ,0.9800000000000008 ,0.005 ,-0.40995209526379284
2150.0 ,0.9650000000000007 ,0.04 ,-0.39009449626793435
2140.0 ,0.9700000000000008 ,0.01 ,-0.40619785287949345
2130.0 ,0.9550000000000007 ,0.005 ,-0.40687338855209876
2120.0 ,0.9500000000000007 ,0.015 ,-0.4011326902016692
2110.0 ,0.9900000000000008 ,0.05499999999999999 ,-0.38522173414457633
2100.0 ,0.9650000000000007 ,0.035 ,-0.39269794860840357
2090.0 ,0.9200000000000007 ,0.035 ,-0.38680737416290345
2080.0 ,0.9250000000000007 ,0.04 ,-0.3848965522046646
2070.0 ,0.8900000000000007 ,0.08 ,-0.3588990964309462
2060.0 ,0.9150000000000007 ,0.08 ,-0.36250855337764465
2050.0 ,0.9200000000000007 ,0.05999999999999999 ,-0.3737430617569518
2040.0 ,0.9350000000000007 ,0.015 ,-0.3991648720919335
2030.0 ,0.9050000000000007 ,0.005 ,-0.40008367999221794
2020.0 ,0.9350000000000007 ,0.005 ,-0.40426290684596333
2010.0 ,0.9100000000000007 ,0.005 ,-0.4008030999102934
2000.0 ,1.0 ,0.0 ,-0.4148135590147807
1990.0 ,0.9900000000000008 ,0.025 ,-0.4008720451919918
1980.0 ,0.9800000000000008 ,0.015 ,-0.4048462092637959
1970.0 ,0.9950000000000008 ,0.0 ,-0.4142432870240671
1960.0 ,1.0 ,0.0 ,-0.4148135590147807
1950.0 ,1.0 ,0.005 ,-0.4122761531784792
1940.0 ,0.9850000000000008 ,0.0 ,-0.41308053305482706
1930.0 ,0.9700000000000008 ,0.0 ,-0.4112793098381581
1920.0 ,0.9950000000000008 ,0.0 ,-0.4142432870240671
1910.0 ,0.9800000000000008 ,0.005 ,-0.40995209526379284
1900.0 ,1.0 ,0.025 ,-0.40201584930460965
1890.0 ,1.0 ,0.035 ,-0.3968277206823896
1880.0 ,0.9750000000000008 ,0.030000000000000002 ,-0.39651248969533215
1870.0 ,0.9900000000000008 ,0.05499999999999999 ,-0.38522173414457633
1860.0 ,1.0 ,0.02 ,-0.4045963378892874
1850.0 ,0.9950000000000008 ,0.0 ,-0.4142432870240671
1840.0 ,0.9750000000000008 ,0.0 ,-0.4118874716055334
1830.0 ,0.9650000000000007 ,0.01 ,-0.4055826512597443
1820.0 ,0.9500000000000007 ,0.0 ,-0.4087665648286929
1810.0 ,0.9300000000000007 ,0.0 ,-0.40612020236583046
1800.0 ,0.9100000000000007 ,0.0 ,-0.40333261961866085
1790.0 ,0.9300000000000007 ,0.0 ,-0.40612020236583046
1780.0 ,0.9100000000000007 ,0.0 ,-0.40333261961866085
1770.0 ,0.9000000000000007 ,0.0 ,-0.40188338404552504
1760.0 ,0.8900000000000007 ,0.015 ,-0.3927785704072755
1750.0 ,0.9300000000000007 ,0.05499999999999999 ,-0.37773360538773293
1740.0 ,0.9050000000000007 ,0.049999999999999996 ,-0.3768698073390405
1730.0 ,0.9050000000000007 ,0.02 ,-0.3924289279247924
1720.0 ,0.9050000000000007 ,0.035 ,-0.38468536055277236
1710.0 ,0.9450000000000007 ,0.02 ,-0.39791931514419254
1700.0 ,0.9750000000000008 ,0.04 ,-0.39131187893485175
1690.0 ,0.9950000000000008 ,0.075 ,-0.3752430823085201
1680.0 ,0.9900000000000008 ,0.09500000000000001 ,-0.36407814917323583
1670.0 ,1.0 ,0.06499999999999999 ,-0.38109204492974247
1660.0 ,0.9750000000000008 ,0.09500000000000001 ,-0.36232382567299637
1650.0 ,0.9750000000000008 ,0.12000000000000004 ,-0.3490936097692869
1640.0 ,0.9900000000000008 ,0.09500000000000001 ,-0.36407814917323583
1630.0 ,0.9700000000000008 ,0.11000000000000003 ,-0.3537814038692238
1620.0 ,0.9350000000000007 ,0.11500000000000003 ,-0.3467231979108633
1610.0 ,0.9350000000000007 ,0.11500000000000003 ,-0.3467231979108633
1600.0 ,0.9200000000000007 ,0.14000000000000004 ,-0.33155971112109994
1590.0 ,0.9000000000000007 ,0.11500000000000003 ,-0.3418864079277333
1580.0 ,0.9000000000000007 ,0.12500000000000003 ,-0.336619363877795
1570.0 ,0.8900000000000007 ,0.13500000000000004 ,-0.32990687528926
1560.0 ,0.9050000000000007 ,0.13500000000000004 ,-0.33208515396694555
1550.0 ,0.8750000000000007 ,0.13500000000000004 ,-0.3276407981154279
1540.0 ,0.8450000000000006 ,0.11000000000000003 ,-0.21506771651406575
1530.0 ,0.8350000000000006 ,0.14500000000000005 ,-0.20495468592487748
1520.0 ,0.8650000000000007 ,0.12500000000000003 ,-0.3313234362268734
1510.0 ,0.8650000000000007 ,0.11500000000000003 ,-0.3365836630189838
1500.0 ,0.8600000000000007 ,0.09500000000000001 ,-0.3463311383102847
1490.0 ,0.8800000000000007 ,0.11500000000000003 ,-0.33891625139282244
1480.0 ,0.8800000000000007 ,0.14000000000000004 ,-0.32579043627537874
1470.0 ,0.9000000000000007 ,0.14000000000000004 ,-0.32875096720068203
1460.0 ,0.9000000000000007 ,0.12500000000000003 ,-0.336619363877795
1450.0 ,0.8850000000000007 ,0.12000000000000004 ,-0.3370397287095278
1440.0 ,0.8550000000000006 ,0.15000000000000005 ,-0.31665549652216063
1430.0 ,0.8750000000000007 ,0.17000000000000007 ,-0.3094835675365362
1420.0 ,0.8450000000000006 ,0.14000000000000004 ,-0.32021810130072054
1410.0 ,0.8450000000000006 ,0.17000000000000007 ,-0.3046941741129453
1400.0 ,0.8700000000000007 ,0.18500000000000008 ,-0.3010658646309925
1390.0 ,0.8700000000000007 ,0.18500000000000008 ,-0.3010658646309925
1380.0 ,0.8750000000000007 ,0.2100000000000001 ,-0.2893291636990842
1370.0 ,0.8600000000000007 ,0.2150000000000001 ,-0.28453449504753864
1360.0 ,0.8650000000000007 ,0.2050000000000001 ,-0.2902568104974761
1350.0 ,0.8800000000000007 ,0.2100000000000001 ,-0.2900871686651963
1340.0 ,0.8800000000000007 ,0.2150000000000001 ,-0.28762576878328927
1330.0 ,0.8900000000000007 ,0.23000000000000012 ,-0.2818140237968608
1320.0 ,0.8950000000000007 ,0.2550000000000001 ,-0.27070377399268314
1310.0 ,0.8950000000000007 ,0.2550000000000001 ,-0.27070377399268314
1300.0 ,0.8700000000000007 ,0.2550000000000001 ,-0.2669846592069115
1290.0 ,0.8600000000000007 ,0.24000000000000013 ,-0.27246714293717733
1280.0 ,0.8500000000000006 ,0.2550000000000001 ,-0.26382625088936884
1270.0 ,0.8750000000000007 ,0.2500000000000001 ,-0.27007912968909326
1260.0 ,0.8750000000000007 ,0.2500000000000001 ,-0.27007912968909326
1250.0 ,0.8750000000000007 ,0.2500000000000001 ,-0.27007912968909326
1240.0 ,0.8700000000000007 ,0.2650000000000001 ,-0.2623787797787014
1230.0 ,0.8700000000000007 ,0.2550000000000001 ,-0.2669846592069115
1220.0 ,0.8850000000000007 ,0.23500000000000013 ,-0.27867746033082397
1210.0 ,0.8850000000000007 ,0.24500000000000013 ,-0.27392688020315276
1200.0 ,0.8700000000000007 ,0.24500000000000013 ,-0.27166295255386397
1190.0 ,0.8500000000000006 ,0.24500000000000013 ,-0.2685005519123907
1180.0 ,0.8600000000000007 ,0.2600000000000001 ,-0.26311527993391426
1170.0 ,0.8400000000000006 ,0.2650000000000001 ,-0.25758300436367254
1160.0 ,0.8200000000000006 ,0.2550000000000001 ,-0.25876169616066896
1150.0 ,0.8150000000000006 ,0.2500000000000001 ,-0.2602021581630118
1140.0 ,0.8350000000000006 ,0.27500000000000013 ,-0.2522221522472813
1130.0 ,0.8350000000000006 ,0.27500000000000013 ,-0.2522221522472813
1120.0 ,0.8450000000000006 ,0.28500000000000014 ,-0.24943555163127384
1110.0 ,0.8450000000000006 ,0.31000000000000016 ,-0.23867024759033587
1100.0 ,0.8400000000000006 ,0.3250000000000002 ,-0.27169820144153756
1090.0 ,0.8600000000000007 ,0.3200000000000002 ,-0.2369076047670264
1080.0 ,0.8450000000000006 ,0.30500000000000016 ,-0.2407818224095379
1070.0 ,0.8300000000000006 ,0.3250000000000002 ,-0.22996988755210018
1060.0 ,0.8450000000000006 ,0.30500000000000016 ,-0.2407818224095379
1050.0 ,0.8500000000000006 ,0.30500000000000016 ,-0.24159297748094669
1040.0 ,0.8700000000000007 ,0.30500000000000016 ,-0.24473148246569082
1030.0 ,0.8550000000000006 ,0.28500000000000014 ,-0.25105113922401917
1020.0 ,0.8500000000000006 ,0.30000000000000016 ,-0.24372602414419067
1010.0 ,0.8600000000000007 ,0.30000000000000016 ,-0.24531720862400594
1000.0 ,1.0 ,0.02 ,-0.4045963378892874
990.0 ,1.0 ,0.01 ,-0.4097270898531564
980.0 ,1.0 ,0.0 ,-0.4148135590147807
970.0 ,1.0 ,0.0 ,-0.4148135590147807
960.0 ,1.0 ,0.015 ,-0.40716695312566553
950.0 ,1.0 ,0.015 ,-0.40716695312566553
940.0 ,1.0 ,0.030000000000000002 ,-0.39942610223852404
930.0 ,0.9950000000000008 ,0.04 ,-0.3936543377827034
920.0 ,1.0 ,0.030000000000000002 ,-0.39942610223852404
910.0 ,1.0 ,0.02 ,-0.4045963378892874
900.0 ,0.9850000000000008 ,0.005 ,-0.4105443653974614
890.0 ,0.9950000000000008 ,0.0 ,-0.4142432870240671
880.0 ,0.9950000000000008 ,0.0 ,-0.4142432870240671
870.0 ,1.0 ,0.0 ,-0.4148135590147807
860.0 ,0.9900000000000008 ,0.0 ,-0.4136656460533019
850.0 ,0.9900000000000008 ,0.015 ,-0.4060215060421295
840.0 ,0.9750000000000008 ,0.015 ,-0.40424710523627605
830.0 ,0.9800000000000008 ,0.005 ,-0.40995209526379284
820.0 ,0.9950000000000008 ,0.0 ,-0.4142432870240671
810.0 ,1.0 ,0.0 ,-0.4148135590147807
800.0 ,1.0 ,0.005 ,-0.4122761531784792
790.0 ,0.9950000000000008 ,0.01 ,-0.409157636607824
780.0 ,1.0 ,0.025 ,-0.40201584930460965
770.0 ,1.0 ,0.04 ,-0.39422133715048324
760.0 ,1.0 ,0.045 ,-0.39160759205993645
750.0 ,1.0 ,0.035 ,-0.3968277206823896
740.0 ,1.0 ,0.030000000000000002 ,-0.39942610223852404
730.0 ,1.0 ,0.030000000000000002 ,-0.39942610223852404
720.0 ,0.9900000000000008 ,0.045 ,-0.39046707134748415
710.0 ,0.9850000000000008 ,0.05499999999999999 ,-0.384641192274218
700.0 ,0.9900000000000008 ,0.05999999999999999 ,-0.38259063603819204
690.0 ,1.0 ,0.05999999999999999 ,-0.3837286966569501
680.0 ,1.0 ,0.049999999999999996 ,-0.38898713309342137
670.0 ,0.9950000000000008 ,0.049999999999999996 ,-0.3884209508003199
660.0 ,0.9950000000000008 ,0.045 ,-0.3910410012890604
650.0 ,0.9950000000000008 ,0.045 ,-0.3910410012890604
640.0 ,1.0 ,0.045 ,-0.39160759205993645
630.0 ,1.0 ,0.04 ,-0.39422133715048324
620.0 ,1.0 ,0.04 ,-0.39422133715048324
610.0 ,1.0 ,0.04 ,-0.39422133715048324
600.0 ,1.0 ,0.04 ,-0.39422133715048324
590.0 ,1.0 ,0.045 ,-0.39160759205993645
580.0 ,1.0 ,0.045 ,-0.39160759205993645
570.0 ,1.0 ,0.049999999999999996 ,-0.38898713309342137
560.0 ,0.9950000000000008 ,0.045 ,-0.3910410012890604
550.0 ,0.9950000000000008 ,0.045 ,-0.3910410012890604
540.0 ,0.9950000000000008 ,0.049999999999999996 ,-0.3884209508003199
530.0 ,1.0 ,0.05499999999999999 ,-0.38636061454591764
520.0 ,0.9950000000000008 ,0.05499999999999999 ,-0.385794840607807
510.0 ,0.9900000000000008 ,0.05499999999999999 ,-0.38522173414457633
500.0 ,0.9900000000000008 ,0.05499999999999999 ,-0.38522173414457633
490.0 ,0.9900000000000008 ,0.05999999999999999 ,-0.38259063603819204
480.0 ,0.9950000000000008 ,0.05499999999999999 ,-0.385794840607807
470.0 ,0.9950000000000008 ,0.05999999999999999 ,-0.3831633309473987
460.0 ,0.9950000000000008 ,0.05999999999999999 ,-0.3831633309473987
450.0 ,0.9900000000000008 ,0.05999999999999999 ,-0.38259063603819204
440.0 ,0.9850000000000008 ,0.05999999999999999 ,-0.3820105090628225
430.0 ,0.9800000000000008 ,0.05499999999999999 ,-0.3840531106791548
420.0 ,0.9800000000000008 ,0.049999999999999996 ,-0.3866779758030575
410.0 ,0.9800000000000008 ,0.045 ,-0.3892967808659782
400.0 ,0.9850000000000008 ,0.045 ,-0.3898856993224171
390.0 ,0.9850000000000008 ,0.049999999999999996 ,-0.3872664757702389
380.0 ,0.9900000000000008 ,0.049999999999999996 ,-0.38784743265840427
370.0 ,0.9900000000000008 ,0.049999999999999996 ,-0.38784743265840427
360.0 ,0.9900000000000008 ,0.049999999999999996 ,-0.38784743265840427
350.0 ,0.9950000000000008 ,0.049999999999999996 ,-0.3884209508003199
340.0 ,0.9950000000000008 ,0.049999999999999996 ,-0.3884209508003199
330.0 ,1.0 ,0.049999999999999996 ,-0.38898713309342137
320.0 ,1.0 ,0.049999999999999996 ,-0.38898713309342137
310.0 ,1.0 ,0.049999999999999996 ,-0.38898713309342137
300.0 ,1.0 ,0.049999999999999996 ,-0.38898713309342137
290.0 ,1.0 ,0.049999999999999996 ,-0.38898713309342137
280.0 ,1.0 ,0.05499999999999999 ,-0.38636061454591764
270.0 ,1.0 ,0.05999999999999999 ,-0.3837286966569501
260.0 ,1.0 ,0.05999999999999999 ,-0.3837286966569501
250.0 ,1.0 ,0.05999999999999999 ,-0.3837286966569501
240.0 ,1.0 ,0.05999999999999999 ,-0.3837286966569501
230.0 ,1.0 ,0.06499999999999999 ,-0.38109204492974247
220.0 ,1.0 ,0.06999999999999999 ,-0.37845132943878346
210.0 ,1.0 ,0.06999999999999999 ,-0.37845132943878346
200.0 ,1.0 ,0.075 ,-0.37580722412734324
190.0 ,1.0 ,0.075 ,-0.37580722412734324
180.0 ,1.0 ,0.075 ,-0.37580722412734324
170.0 ,1.0 ,0.075 ,-0.37580722412734324
160.0 ,1.0 ,0.075 ,-0.37580722412734324
150.0 ,1.0 ,0.075 ,-0.37580722412734324
140.0 ,1.0 ,0.075 ,-0.37580722412734324
130.0 ,1.0 ,0.08 ,-0.37316040609652135
120.0 ,1.0 ,0.08 ,-0.37316040609652135
110.0 ,1.0 ,0.08 ,-0.37316040609652135
100.0 ,1.0 ,0.085 ,-0.37051155488743354
90.0 ,1.0 ,0.085 ,-0.37051155488743354
80.0 ,1.0 ,0.09000000000000001 ,-0.36786135175817686
70.0 ,1.0 ,0.09000000000000001 ,-0.36786135175817686
60.0 ,1.0 ,0.09000000000000001 ,-0.36786135175817686
50.0 ,1.0 ,0.09000000000000001 ,-0.36786135175817686
40.0 ,1.0 ,0.09000000000000001 ,-0.36786135175817686
30.0 ,1.0 ,0.09500000000000001 ,-0.3652104789572285
20.0 ,1.0 ,0.10000000000000002 ,-0.3625596189949483
10.0 ,1.0 ,0.10500000000000002 ,-0.35990945391486096