10000.0 ,0.5750000000000004 ,0.4350000000000003 ,-0.09336869358628012
9990.0 ,0.6100000000000004 ,0.3200000000000002 ,-0.1258298402197841
9980.0 ,0.49500000000000033 ,0.12000000000000004 ,-0.1517153045673137
9970.0 ,0.7200000000000005 ,0.045 ,-0.21223665116698065
9960.0 ,0.8600000000000007 ,0.02 ,-0.38552602927651836
9950.0 ,0.9300000000000007 ,0.08 ,-0.36456349604612637
9940.0 ,0.9500000000000007 ,0.28000000000000014 ,-0.26665944161466226
9930.0 ,0.9800000000000008 ,0.10000000000000002 ,-0.36026697190601126
9920.0 ,0.9950000000000008 ,0.2500000000000001 ,-0.28569339040486347
9910.0 ,0.9250000000000007 ,0.42500000000000027 ,-0.23319052917385927
9900.0 ,0.9600000000000007 ,0.3550000000000002 ,-0.27028645259387546
9890.0 ,0.7450000000000006 ,0.18000000000000008 ,-0.18271966653751218
9880.0 ,0.5800000000000004 ,0.30000000000000016 ,-0.12485729791377653
9870.0 ,0.6250000000000004 ,0.30500000000000016 ,-0.13209391210370186
9860.0 ,0.41500000000000026 ,0.2000000000000001 ,-0.11492306874868821
9850.0 ,0.3550000000000002 ,0.04 ,-0.14121200857368596
9840.0 ,0.43000000000000027 ,0.075 ,-0.14916985951576855
9830.0 ,0.6100000000000004 ,0.025 ,-0.19798474732994015
9820.0 ,0.3750000000000002 ,0.16000000000000006 ,-0.11585730464650296
9810.0 ,0.17500000000000007 ,0.1950000000000001 ,-0.05983187484050065
9800.0 ,0.0 ,0.015 ,-0.060998525957085784
9790.0 ,0.030000000000000002 ,0.04 ,-0.06224227409337805
9780.0 ,0.2650000000000001 ,0.025 ,-0.1239272233213464
9770.0 ,0.2650000000000001 ,0.09500000000000001 ,-0.10643611268334117
9760.0 ,0.27000000000000013 ,0.02 ,-0.1263689570463232
9750.0 ,0.29000000000000015 ,0.10000000000000002 ,-0.11112603450851544
9740.0 ,0.42500000000000027 ,0.05499999999999999 ,-0.15308105086761997
9730.0 ,0.6350000000000005 ,0.075 ,-0.19006550048468351
9720.0 ,0.8450000000000006 ,0.035 ,-0.23379946117166184
9710.0 ,0.7450000000000006 ,0.0 ,-0.22752740617849676
9700.0 ,0.7850000000000006 ,0.14500000000000005 ,-0.19759157480779316
9690.0 ,0.6850000000000005 ,0.38500000000000023 ,-0.12436148521794886
9680.0 ,0.7900000000000006 ,0.3800000000000002 ,-0.23419310884291983
9670.0 ,0.7700000000000006 ,0.3750000000000002 ,-0.23298839562718685
9660.0 ,0.7700000000000006 ,0.3700000000000002 ,-0.23550013870135755
9650.0 ,0.8950000000000007 ,0.13500000000000004 ,-0.33064254454689274
9640.0 ,0.7150000000000005 ,0.11000000000000003 ,-0.19517998237454348
9630.0 ,0.6550000000000005 ,0.29000000000000015 ,-0.14101722800203742
9620.0 ,0.8800000000000007 ,0.3300000000000002 ,-0.27450532348332096
9610.0 ,0.8900000000000007 ,0.10000000000000002 ,-0.348337326225585
9600.0 ,0.8750000000000007 ,0.015 ,-0.3904773750772502
9590.0 ,0.7600000000000006 ,0.01 ,-0.22740556914536292
9580.0 ,0.7700000000000006 ,0.08 ,-0.21147126577292222
9570.0 ,0.6800000000000005 ,0.12000000000000004 ,-0.1867832721741598
9560.0 ,0.8100000000000006 ,0.0 ,-0.23750052489916756
9550.0 ,0.9150000000000007 ,0.035 ,-0.38610925143740726
9540.0 ,0.7150000000000005 ,0.035 ,-0.21391172703213956
9530.0 ,0.8950000000000007 ,0.04 ,-0.3806266659180596
9520.0 ,0.8900000000000007 ,0.19000000000000009 ,-0.30155975993587664
9510.0 ,0.9600000000000007 ,0.030000000000000002 ,-0.3946719246259889
9500.0 ,0.9150000000000007 ,0.02 ,-0.3938556321715244
9490.0 ,0.9400000000000007 ,0.12500000000000003 ,-0.3421042908345656
9480.0 ,0.9050000000000007 ,0.04 ,-0.3820873236324085
9470.0 ,0.6900000000000005 ,0.09000000000000001 ,-0.19597190899712635
9460.0 ,0.8950000000000007 ,0.2100000000000001 ,-0.2923018991849553
9450.0 ,0.9950000000000008 ,0.42000000000000026 ,-0.24271778598160196
9440.0 ,0.8250000000000006 ,0.41000000000000025 ,-0.2260504851157805
9430.0 ,0.8600000000000007 ,0.5100000000000003 ,-0.19350429302966152
9420.0 ,0.9700000000000008 ,0.4350000000000003 ,-0.23395527415884504
9410.0 ,0.9350000000000007 ,0.3550000000000002 ,-0.2675612462819078
9400.0 ,0.9150000000000007 ,0.3500000000000002 ,-0.2678929330886806
9390.0 ,0.7800000000000006 ,0.42000000000000026 ,-0.21396336087223863
9380.0 ,0.6100000000000004 ,0.1950000000000001 ,-0.15573798262207567
9370.0 ,0.6100000000000004 ,0.2600000000000001 ,-0.1399944241554718
9360.0 ,0.6900000000000005 ,0.40500000000000025 ,-0.20118955713631703
9350.0 ,0.6150000000000004 ,0.5500000000000004 ,-0.12713258011511036
9340.0 ,0.6150000000000004 ,0.5500000000000004 ,-0.12713258011511036
9330.0 ,0.7750000000000006 ,0.4750000000000003 ,-0.19137072497393703
9320.0 ,0.8650000000000007 ,0.3500000000000002 ,-0.2614231783425657
9310.0 ,0.9950000000000008 ,0.3600000000000002 ,-0.2711692072235059
9300.0 ,0.9300000000000007 ,0.38500000000000023 ,-0.2518490343560827
9290.0 ,0.8400000000000006 ,0.30000000000000016 ,-0.24209179197622374
9280.0 ,0.7350000000000005 ,0.14000000000000004 ,-0.19099232146100573
9270.0 ,0.9100000000000007 ,0.12500000000000003 ,-0.3380450087746949
9260.0 ,0.8900000000000007 ,0.030000000000000002 ,-0.3850670742138118
9250.0 ,0.8150000000000006 ,0.035 ,-0.2294945667455479
9240.0 ,0.6950000000000005 ,0.05499999999999999 ,-0.20556529586866623
9230.0 ,0.6250000000000004 ,0.14500000000000005 ,-0.17081834026637188
9220.0 ,0.7500000000000006 ,0.049999999999999996 ,-0.21583363514265186
9210.0 ,0.5400000000000004 ,0.17000000000000007 ,-0.14843897440032927
9200.0 ,0.41000000000000025 ,0.01 ,-0.16103986947503207
9190.0 ,0.6100000000000004 ,0.015 ,-0.20048247792102986
9180.0 ,0.8300000000000006 ,0.030000000000000002 ,-0.2329177007938412
9170.0 ,0.9450000000000007 ,0.1950000000000001 ,-0.30656742835392664
9160.0 ,0.9550000000000007 ,0.39000000000000024 ,-0.25222940329677374
9150.0 ,0.8300000000000006 ,0.30500000000000016 ,-0.23828231530999852
9140.0 ,0.8050000000000006 ,0.10500000000000002 ,-0.21053614211499314
9130.0 ,0.7450000000000006 ,0.049999999999999996 ,-0.21503781243902675
9120.0 ,0.7100000000000005 ,0.12000000000000004 ,-0.19186107154538018
9110.0 ,0.8850000000000007 ,0.06999999999999999 ,-0.3634187834751965
9100.0 ,0.6950000000000005 ,0.2150000000000001 ,-0.16593559703118557
9090.0 ,0.5800000000000004 ,0.11500000000000003 ,-0.16985981032104447
9080.0 ,0.6850000000000005 ,0.0 ,-0.21760265855889513
9070.0 ,0.6750000000000005 ,0.08 ,-0.1958938706410015
9060.0 ,0.8550000000000006 ,0.2600000000000001 ,-0.26232099916141016
9050.0 ,0.6800000000000005 ,0.18000000000000008 ,-0.17193659885175247
9040.0 ,0.5150000000000003 ,0.18000000000000008 ,-0.14096118770833263
9030.0 ,0.7050000000000005 ,0.015 ,-0.21724469763528625
9020.0 ,0.7250000000000005 ,0.0 ,-0.22429609870235734
9010.0 ,0.5800000000000004 ,0.035 ,-0.18983668229001405
9000.0 ,0.9650000000000007 ,0.24500000000000013 ,-0.2845953254647599
8990.0 ,0.8600000000000007 ,0.17000000000000007 ,-0.30713642577528466
8980.0 ,0.7950000000000006 ,0.28500000000000014 ,-0.24067767473214685
8970.0 ,0.6750000000000005 ,0.15000000000000005 ,-0.17847462279446757
8960.0 ,0.6300000000000004 ,0.030000000000000002 ,-0.20040738172479894
8950.0 ,0.8500000000000006 ,0.14000000000000004 ,-0.3210460663880239
8940.0 ,0.9750000000000008 ,0.005 ,-0.409352146041428
8930.0 ,0.9550000000000007 ,0.02 ,-0.3992049834825223
8920.0 ,0.9650000000000007 ,0.2200000000000001 ,-0.2966307480534344
8910.0 ,0.9200000000000007 ,0.035 ,-0.38680737416290345
8900.0 ,0.8300000000000006 ,0.030000000000000002 ,-0.2329177007938412
8890.0 ,0.9800000000000008 ,0.049999999999999996 ,-0.3866779758030575
8880.0 ,0.9300000000000007 ,0.005 ,-0.4035888341004744
8870.0 ,0.9750000000000008 ,0.075 ,-0.3729122875103192
8860.0 ,0.8050000000000006 ,0.13000000000000003 ,-0.20431485200950716
8850.0 ,0.8850000000000007 ,0.035 ,-0.3817233706493891
8840.0 ,0.7600000000000006 ,0.06499999999999999 ,-0.21366118029226183
8830.0 ,0.9750000000000008 ,0.06499999999999999 ,-0.37819296244586886
8820.0 ,0.9900000000000008 ,0.2150000000000001 ,-0.301997287186928
8810.0 ,0.7900000000000006 ,0.2000000000000001 ,-0.18480672281104038
8800.0 ,0.9400000000000007 ,0.2550000000000001 ,-0.27680825010477905
8790.0 ,0.7400000000000005 ,0.3450000000000002 ,-0.24265781037464237
8780.0 ,0.7550000000000006 ,0.23500000000000013 ,-0.17089517346408134
8770.0 ,0.8700000000000007 ,0.41500000000000026 ,-0.23050912077261904
8760.0 ,0.9200000000000007 ,0.5350000000000004 ,-0.19371466062125908
8750.0 ,0.9950000000000008 ,0.40000000000000024 ,-0.2516031710587809
8740.0 ,0.7900000000000006 ,0.2650000000000001 ,-0.24868607152580657
8730.0 ,0.7400000000000005 ,0.39000000000000024 ,-0.21967707019022836
8720.0 ,0.7600000000000006 ,0.24000000000000013 ,-0.17047434760050068
8710.0 ,0.8550000000000006 ,0.31500000000000017 ,-0.23818937656725025
8700.0 ,0.8050000000000006 ,0.2100000000000001 ,-0.18461016821291526
8690.0 ,0.8850000000000007 ,0.29500000000000015 ,-0.25127167825286895
8680.0 ,0.7450000000000006 ,0.12500000000000003 ,-0.19632288976715198
8670.0 ,0.6200000000000004 ,0.04 ,-0.19608142703521328
8660.0 ,0.7200000000000005 ,0.2050000000000001 ,-0.17254403101751997
8650.0 ,0.6850000000000005 ,0.27000000000000013 ,-0.1509835494461679
8640.0 ,0.6150000000000004 ,0.39500000000000024 ,-0.10967767703484935
8630.0 ,0.7250000000000005 ,0.41500000000000026 ,-0.2049976755458412
8620.0 ,0.8000000000000006 ,0.23000000000000012 ,-0.17900871193085027
8610.0 ,0.6550000000000005 ,0.13000000000000003 ,-0.17993372310887912
8600.0 ,0.5650000000000004 ,0.14500000000000005 ,-0.15952082970852643
8590.0 ,0.5700000000000004 ,0.10500000000000002 ,-0.17043054173318864
8580.0 ,0.4900000000000003 ,0.2600000000000001 ,-0.1164111764777816
8570.0 ,0.5900000000000004 ,0.16000000000000006 ,-0.16059906497858467
8560.0 ,0.4700000000000003 ,0.01 ,-0.17396896894242125
8550.0 ,0.5150000000000003 ,0.04 ,-0.1757792502798471
8540.0 ,0.7000000000000005 ,0.2000000000000001 ,-0.1704379239788108
8530.0 ,0.5800000000000004 ,0.29000000000000015 ,-0.12721302613007934
8520.0 ,0.7000000000000005 ,0.29000000000000015 ,-0.14878524500001578
8510.0 ,0.5550000000000004 ,0.38500000000000023 ,-0.10050018588131349
8500.0 ,0.4600000000000003 ,0.4700000000000003 ,-0.06262725291610678
8490.0 ,0.28500000000000014 ,0.6350000000000005 ,0.009138938804475742
8480.0 ,0.31500000000000017 ,0.6450000000000005 ,0.0772201220727971
8470.0 ,0.3600000000000002 ,0.4500000000000003 ,-0.044863724586468215
8460.0 ,0.18500000000000008 ,0.3600000000000002 ,-0.023178869059174524
8450.0 ,0.05999999999999999 ,0.2000000000000001 ,-0.030020349127531272
8440.0 ,0.015 ,0.02 ,-0.06349301283987109
8430.0 ,0.0 ,0.05999999999999999 ,-0.049752180453891064
8420.0 ,0.05499999999999999 ,0.06999999999999999 ,-0.06099234700681568
8410.0 ,0.14500000000000005 ,0.19000000000000009 ,-0.05364738796529103
8400.0 ,0.11000000000000003 ,0.3550000000000002 ,-0.005753315705321621
8390.0 ,0.035 ,0.31000000000000016 ,0.002581911068547092
8380.0 ,0.2100000000000001 ,0.3700000000000002 ,-0.027027086634576
8370.0 ,0.04 ,0.3650000000000002 ,0.01400295690301124
8360.0 ,0.02 ,0.4450000000000003 ,0.03667172523776438
8350.0 ,0.12500000000000003 ,0.5100000000000003 ,0.02406443931525926
8340.0 ,0.24500000000000013 ,0.6350000000000005 ,0.018689467351672914
8330.0 ,0.12000000000000004 ,0.6850000000000005 ,-0.18721934737394363
8320.0 ,0.04 ,0.5200000000000004 ,0.04730805451483094
8310.0 ,0.02 ,0.5200000000000004 ,0.052305888654536115
8300.0 ,0.06499999999999999 ,0.6900000000000005 ,-0.17752385710661117
8290.0 ,0.2050000000000001 ,0.8250000000000006 ,-0.20284714169224793
8280.0 ,0.11500000000000003 ,0.6700000000000005 ,0.05681316307751648
8270.0 ,0.075 ,0.8750000000000007 ,-0.179918355977291
8260.0 ,0.06999999999999999 ,0.9650000000000007 ,-0.1789101575041308
8250.0 ,0.2650000000000001 ,0.9350000000000007 ,-0.2124761156702817
8240.0 ,0.3800000000000002 ,0.7950000000000006 ,0.047266189249632176
8230.0 ,0.2050000000000001 ,0.7200000000000005 ,-0.2028064451287297
8220.0 ,0.24500000000000013 ,0.6950000000000005 ,-0.2093945710350282
8210.0 ,0.40500000000000025 ,0.5950000000000004 ,-0.02575140996426309
8200.0 ,0.4400000000000003 ,0.7700000000000006 ,8.736817439880251E-4
8190.0 ,0.5150000000000003 ,0.9300000000000007 ,-0.021690721819408648
8180.0 ,0.49500000000000033 ,0.9800000000000008 ,-0.006780056853801675
8170.0 ,0.5950000000000004 ,0.9450000000000007 ,-0.054095830976496534
8160.0 ,0.4550000000000003 ,0.7500000000000006 ,-0.011581461269251359
8150.0 ,0.43000000000000027 ,0.6350000000000005 ,-0.017123016103780087
8140.0 ,0.3750000000000002 ,0.6200000000000004 ,0.019500262099363577
8130.0 ,0.3800000000000002 ,0.6950000000000005 ,0.031063857202266065
8120.0 ,0.31500000000000017 ,0.8000000000000006 ,-0.219398756455568
8110.0 ,0.27500000000000013 ,0.6350000000000005 ,0.011511200025455838
8100.0 ,0.17000000000000007 ,0.7550000000000006 ,-0.19668836222970074
8090.0 ,0.045 ,0.9450000000000007 ,-0.1747066325875373
8080.0 ,0.085 ,0.9550000000000007 ,-0.18149308959116167
8070.0 ,0.13500000000000004 ,0.8450000000000006 ,-0.1904154086823216
8060.0 ,0.17500000000000007 ,0.7500000000000006 ,-0.19757675090799257
8050.0 ,0.3550000000000002 ,0.7100000000000005 ,0.05415365751156001
8040.0 ,0.23000000000000012 ,0.7450000000000006 ,-0.20707589779890417
8030.0 ,0.41500000000000026 ,0.8150000000000006 ,0.02403015204022288
8020.0 ,0.5650000000000004 ,0.7900000000000006 ,-0.06072855498682503
8010.0 ,0.6300000000000004 ,0.7950000000000006 ,-0.08344392151250882
8000.0 ,0.8700000000000007 ,0.05999999999999999 ,-0.36635739060049904
7990.0 ,0.9950000000000008 ,0.04 ,-0.3936543377827034
7980.0 ,0.8450000000000006 ,0.1950000000000001 ,-0.29202073685261853
7970.0 ,0.6500000000000005 ,0.24500000000000013 ,-0.1508627329644759
7960.0 ,0.4650000000000003 ,0.075 ,-0.15667045753317285
7950.0 ,0.3350000000000002 ,0.045 ,-0.13537326802121943
7940.0 ,0.4450000000000003 ,0.10000000000000002 ,-0.14616776241531115
7930.0 ,0.3800000000000002 ,0.035 ,-0.14812160386436385
7920.0 ,0.43000000000000027 ,0.13000000000000003 ,-0.13546111548009088
7910.0 ,0.24000000000000013 ,0.015 ,-0.12042467116362716
7900.0 ,0.09000000000000001 ,0.02 ,-0.08223411175085685
7890.0 ,0.030000000000000002 ,0.18500000000000008 ,-0.026195904940651
7880.0 ,0.17000000000000007 ,0.18500000000000008 ,-0.061052063014230225
7870.0 ,0.13500000000000004 ,0.02 ,-0.09343841206024146
7860.0 ,0.23000000000000012 ,0.12000000000000004 ,-0.09179043531358624
7850.0 ,0.41000000000000025 ,0.02 ,-0.15854295020694623
7840.0 ,0.4750000000000003 ,0.18000000000000008 ,-0.13270711619883285
7830.0 ,0.38500000000000023 ,0.28000000000000014 ,-0.08898618239516942
7820.0 ,0.4850000000000003 ,0.15500000000000005 ,-0.14096058507524384
7810.0 ,0.5700000000000004 ,0.28500000000000014 ,-0.12647481570989438
7800.0 ,0.42000000000000026 ,0.18500000000000008 ,-0.11969316649989527
7790.0 ,0.24500000000000013 ,0.10000000000000002 ,-0.10039344677228487
7780.0 ,0.14000000000000004 ,0.28000000000000014 ,-0.030674048980483176
7770.0 ,0.015 ,0.10500000000000002 ,-0.042259109857869195
7760.0 ,0.18000000000000008 ,0.17000000000000007 ,-0.06720301213127904
7750.0 ,0.015 ,0.17000000000000007 ,-0.02613843739656957
7740.0 ,0.06499999999999999 ,0.12500000000000003 ,-0.049776486966796325
7730.0 ,0.24000000000000013 ,0.12500000000000003 ,-0.09296331965855752
7720.0 ,0.31000000000000016 ,0.10500000000000002 ,-0.11457942184766187
7710.0 ,0.3400000000000002 ,0.13000000000000003 ,-0.11531795175298665
7700.0 ,0.17500000000000007 ,0.2200000000000001 ,-0.05373467983855629
7690.0 ,0.2000000000000001 ,0.05499999999999999 ,-0.10071295968575293
7680.0 ,0.3600000000000002 ,0.23500000000000013 ,-0.09412147593388442
7670.0 ,0.2550000000000001 ,0.41500000000000026 ,-0.027882993996389008
7660.0 ,0.3500000000000002 ,0.4700000000000003 ,-0.03833723597498924
7650.0 ,0.2000000000000001 ,0.5500000000000004 ,0.013566340045812059
7640.0 ,0.049999999999999996 ,0.41000000000000025 ,0.02156181767051936
7630.0 ,0.025 ,0.3200000000000002 ,0.00741321624679513
7620.0 ,0.025 ,0.17000000000000007 ,-0.02863616798765926
7610.0 ,0.16000000000000006 ,0.049999999999999996 ,-0.09213130841696832
7600.0 ,0.30000000000000016 ,0.15000000000000005 ,-0.10105435780804928
7590.0 ,0.15500000000000005 ,0.15000000000000005 ,-0.0659786469942846
7580.0 ,0.2600000000000001 ,0.15000000000000005 ,-0.09156631713948513
7570.0 ,0.2500000000000001 ,0.28500000000000014 ,-0.05639364272399583
7560.0 ,0.30000000000000016 ,0.3700000000000002 ,-0.04859462616112857
7550.0 ,0.3750000000000002 ,0.4350000000000003 ,-0.05148647533195248
7540.0 ,0.5500000000000004 ,0.6050000000000004 ,-0.08838136615524368
7530.0 ,0.4750000000000003 ,0.6250000000000004 ,-0.046872632946515114
7520.0 ,0.6600000000000005 ,0.7800000000000006 ,-0.09460445393002755
7510.0 ,0.7150000000000005 ,0.7350000000000005 ,-0.11566945373267777
7500.0 ,0.7350000000000005 ,0.8850000000000007 ,-0.10009819974900475
7490.0 ,0.6850000000000005 ,0.9900000000000008 ,-0.07775539882803398
7480.0 ,0.6300000000000004 ,0.8150000000000006 ,-0.08074171775879929
7470.0 ,0.7050000000000005 ,0.8800000000000007 ,-0.09374061217396279
7460.0 ,0.8300000000000006 ,0.8550000000000006 ,-0.12129822981377678
7450.0 ,0.8400000000000006 ,0.8050000000000006 ,-0.12918151052116147
7440.0 ,0.7000000000000005 ,0.7500000000000006 ,-0.10969668074696301
7430.0 ,0.8400000000000006 ,0.7950000000000006 ,-0.13053971911933365
7420.0 ,0.8950000000000007 ,0.7400000000000005 ,-0.1464043196119815
7410.0 ,0.8800000000000007 ,0.8000000000000006 ,-0.13563086365712235
7400.0 ,0.8500000000000006 ,0.6400000000000005 ,-0.15838345525136285
7390.0 ,1.0 ,0.7300000000000005 ,-0.15964868799840953
7380.0 ,0.9950000000000008 ,0.9100000000000007 ,-0.13565928894252735
7370.0 ,0.9350000000000007 ,0.7900000000000006 ,-0.14386145822410779
7360.0 ,0.9250000000000007 ,0.7850000000000006 ,-0.1433976517546425
7350.0 ,0.9750000000000008 ,0.8650000000000007 ,-0.13865183935138858
7340.0 ,0.8950000000000007 ,0.8850000000000007 ,-0.12717658688869835
7330.0 ,0.8700000000000007 ,0.8400000000000006 ,-0.12907981649660547
7320.0 ,0.7200000000000005 ,1.0 ,-0.08547090502353058
7310.0 ,0.6450000000000005 ,1.0 ,-0.06565886785187125
7300.0 ,0.5250000000000004 ,0.8900000000000007 ,-0.030715395072078433
7290.0 ,0.43000000000000027 ,0.8200000000000006 ,0.014451300578533582
7280.0 ,0.5550000000000004 ,0.8150000000000006 ,-0.05317976192149282
7270.0 ,0.38500000000000023 ,0.6900000000000005 ,0.026245915181940985
7260.0 ,0.24000000000000013 ,0.5200000000000004 ,-0.0021284136222403105
7250.0 ,0.16000000000000006 ,0.5450000000000004 ,0.022412652757685007
7240.0 ,0.030000000000000002 ,0.4400000000000003 ,0.033097699545748795
7230.0 ,0.075 ,0.5400000000000004 ,0.04256371906509875
7220.0 ,0.09500000000000001 ,0.6300000000000004 ,0.05468225416219431
7210.0 ,0.02 ,0.6850000000000005 ,-0.16958894412457803
7200.0 ,0.01 ,0.7550000000000006 ,-0.16849957458505027
7190.0 ,0.16000000000000006 ,0.7150000000000005 ,-0.19475022777662276
7180.0 ,0.02 ,0.7250000000000005 ,-0.17007896394478483
7170.0 ,0.04 ,0.5550000000000004 ,0.05426830042606779
7160.0 ,0.19000000000000009 ,0.4800000000000003 ,0.001815524339390355
7150.0 ,0.19000000000000009 ,0.5550000000000004 ,0.0169952717864534
7140.0 ,0.10000000000000002 ,0.6750000000000005 ,-0.1834828752806347
7130.0 ,0.1950000000000001 ,0.6550000000000005 ,0.034409717194180775
7120.0 ,0.3250000000000002 ,0.6350000000000005 ,-2.3697850533352383E-4
7110.0 ,0.3800000000000002 ,0.6300000000000004 ,0.017831256593267925
7100.0 ,0.4400000000000003 ,0.8050000000000006 ,0.005893358329791848
7090.0 ,0.3650000000000002 ,0.6700000000000005 ,0.03829027026935393
7080.0 ,0.2150000000000001 ,0.5650000000000004 ,0.012836568632431128
7070.0 ,0.085 ,0.5350000000000004 ,0.03907162919835585
7060.0 ,0.02 ,0.5000000000000003 ,0.04823081125884619
7050.0 ,0.0 ,0.4600000000000003 ,0.0448660729301244
7040.0 ,0.16000000000000006 ,0.5150000000000003 ,0.016406334329518036
7030.0 ,0.24500000000000013 ,0.43000000000000027 ,-0.022206173617242045
7020.0 ,0.09500000000000001 ,0.3450000000000002 ,-0.004301530412060061
7010.0 ,0.2650000000000001 ,0.2050000000000001 ,-0.07923589451321805
7000.0 ,0.9550000000000007 ,0.06999999999999999 ,-0.3730979501176729
6990.0 ,0.9450000000000007 ,0.04 ,-0.38756304393947005
6980.0 ,0.9700000000000008 ,0.17500000000000007 ,-0.31980784323898837
6970.0 ,0.9450000000000007 ,0.16000000000000006 ,-0.3244495419435578
6960.0 ,0.8400000000000006 ,0.2600000000000001 ,-0.2598736983535854
6950.0 ,0.8650000000000007 ,0.42000000000000026 ,-0.22764405909794908
6940.0 ,0.8900000000000007 ,0.5600000000000004 ,-0.1829658450540407
6930.0 ,0.9550000000000007 ,0.5350000000000004 ,-0.19767122783192825
6920.0 ,0.8650000000000007 ,0.4550000000000003 ,-0.2134250963695731
6910.0 ,0.7850000000000006 ,0.5700000000000004 ,-0.16406857571595895
6900.0 ,0.7850000000000006 ,0.5050000000000003 ,-0.18299562197034933
6890.0 ,0.6550000000000005 ,0.4600000000000003 ,-0.1689428052395403
6880.0 ,0.5750000000000004 ,0.3650000000000002 ,-0.1088844093580657
6870.0 ,0.6400000000000005 ,0.4750000000000003 ,-0.1589867212358741
6860.0 ,0.6400000000000005 ,0.3750000000000002 ,-0.1187103614084939
6850.0 ,0.5700000000000004 ,0.4500000000000003 ,-0.08917945334167922
6840.0 ,0.41000000000000025 ,0.5000000000000003 ,-0.04557044808473912
6830.0 ,0.4800000000000003 ,0.5100000000000003 ,-0.05855096518523176
6820.0 ,0.5800000000000004 ,0.5000000000000003 ,-0.1299925669328226
6810.0 ,0.6050000000000004 ,0.3450000000000002 ,-0.11912367373594517
6800.0 ,0.5100000000000003 ,0.30000000000000016 ,-0.11103307811292852
6790.0 ,0.4750000000000003 ,0.3700000000000002 ,-0.08764853179718778
6780.0 ,0.3450000000000002 ,0.3450000000000002 ,-0.06474169086336092
6770.0 ,0.4450000000000003 ,0.19000000000000009 ,-0.12388424418516661
6760.0 ,0.3250000000000002 ,0.12000000000000004 ,-0.11433801378965405
6750.0 ,0.3400000000000002 ,0.01 ,-0.1452700641085604
6740.0 ,0.39500000000000024 ,0.08 ,-0.14022740342956608
6730.0 ,0.5450000000000004 ,0.005 ,-0.1905280644339143
6720.0 ,0.5300000000000004 ,0.025 ,-0.18255129166766107
6710.0 ,0.6100000000000004 ,0.05499999999999999 ,-0.1904860595043975
6700.0 ,0.7500000000000006 ,0.06499999999999999 ,-0.21208391636734164
6690.0 ,0.8050000000000006 ,0.04 ,-0.22677221095728986
6680.0 ,0.9300000000000007 ,0.049999999999999996 ,-0.3803540991529252
6670.0 ,0.9650000000000007 ,0.15500000000000005 ,-0.32953460858969635
6660.0 ,1.0 ,0.05999999999999999 ,-0.3837286966569501
6650.0 ,0.8600000000000007 ,0.045 ,-0.3726010034322895
6640.0 ,0.8550000000000006 ,0.13500000000000004 ,-0.32447636449079464
6630.0 ,0.8150000000000006 ,0.23500000000000013 ,-0.26728091785352937
6620.0 ,0.7100000000000005 ,0.3500000000000002 ,-0.13650439101158965
6610.0 ,0.8200000000000006 ,0.3450000000000002 ,-0.2573810114435244
6600.0 ,0.7450000000000006 ,0.5050000000000003 ,-0.17519806937349847
6590.0 ,0.6400000000000005 ,0.4800000000000003 ,-0.15719982923279086
6580.0 ,0.5300000000000004 ,0.42000000000000026 ,-0.08780466530629434
6570.0 ,0.6900000000000005 ,0.4550000000000003 ,-0.18025490221566812
6560.0 ,0.6200000000000004 ,0.3550000000000002 ,-0.11961110932488823
6550.0 ,0.5500000000000004 ,0.3550000000000002 ,-0.10630057913803823
6540.0 ,0.5350000000000004 ,0.22500000000000012 ,-0.13399265029960747
6530.0 ,0.42000000000000026 ,0.3700000000000002 ,-0.07586288867946278
6520.0 ,0.40000000000000024 ,0.3600000000000002 ,-0.07372630266053043
6510.0 ,0.4350000000000003 ,0.3300000000000002 ,-0.08827586759073555
6500.0 ,0.5350000000000004 ,0.1950000000000001 ,-0.14130337329251316
6490.0 ,0.5850000000000004 ,0.14500000000000005 ,-0.16336133970555433
6480.0 ,0.4800000000000003 ,0.0 ,-0.1785616117751967
6470.0 ,0.39500000000000024 ,0.025 ,-0.15397385248137627
6460.0 ,0.3300000000000002 ,0.17000000000000007 ,-0.10311113637054764
6450.0 ,0.24000000000000013 ,0.23500000000000013 ,-0.06594875311404225
6440.0 ,0.3300000000000002 ,0.29000000000000015 ,-0.07409402361951961
6430.0 ,0.3300000000000002 ,0.16000000000000006 ,-0.10557834345053672
6420.0 ,0.3600000000000002 ,0.15000000000000005 ,-0.11493396649403553
6410.0 ,0.3350000000000002 ,0.30000000000000016 ,-0.07289361283685461
6400.0 ,0.18000000000000008 ,0.2500000000000001 ,-0.047716006708649485
6390.0 ,0.14500000000000005 ,0.3800000000000002 ,-0.008790305709212808
6380.0 ,0.2600000000000001 ,0.3250000000000002 ,-0.04941552029032371
6370.0 ,0.2550000000000001 ,0.31500000000000017 ,-0.05054407430384836
6360.0 ,0.31000000000000016 ,0.31000000000000016 ,-0.06474169086336092
6350.0 ,0.3700000000000002 ,0.40000000000000024 ,-0.05802453508243749
6340.0 ,0.29500000000000015 ,0.3300000000000002 ,-0.0565686368941228
6330.0 ,0.19000000000000009 ,0.30500000000000016 ,-0.037111565598760755
6320.0 ,0.3200000000000002 ,0.28000000000000014 ,-0.07414081166174402
6310.0 ,0.3300000000000002 ,0.2150000000000001 ,-0.092088272583226
6300.0 ,0.39500000000000024 ,0.1950000000000001 ,-0.11172708777351176
6290.0 ,0.3650000000000002 ,0.2650000000000001 ,-0.08804958774385288
6280.0 ,0.2150000000000001 ,0.30500000000000016 ,-0.04321814205006437
6270.0 ,0.17500000000000007 ,0.28000000000000014 ,-0.03932285323659221
6260.0 ,0.27000000000000013 ,0.24500000000000013 ,-0.0707298565882242
6250.0 ,0.24000000000000013 ,0.2150000000000001 ,-0.07079855390951417
6240.0 ,0.27000000000000013 ,0.3600000000000002 ,-0.043761931949704576
6230.0 ,0.3250000000000002 ,0.3400000000000002 ,-0.061275783201352726
6220.0 ,0.2200000000000001 ,0.40500000000000025 ,-0.021636372426630274
6210.0 ,0.12500000000000003 ,0.5250000000000004 ,0.027100975476195933
6200.0 ,0.01 ,0.6200000000000004 ,0.07409279871628247
6190.0 ,0.05499999999999999 ,0.5750000000000004 ,0.05439576914427867
6180.0 ,0.01 ,0.4800000000000003 ,0.046583306386795774
6170.0 ,0.045 ,0.43000000000000027 ,0.0271851656145894
6160.0 ,0.06999999999999999 ,0.4850000000000003 ,0.03263182469570195
6150.0 ,0.0 ,0.5800000000000004 ,0.06909317552745202
6140.0 ,0.15000000000000005 ,0.5800000000000004 ,0.03168658313174306
6130.0 ,0.035 ,0.6300000000000004 ,0.06967438533340457
6120.0 ,0.05499999999999999 ,0.49500000000000033 ,0.038453405836261625
6110.0 ,0.030000000000000002 ,0.3500000000000002 ,0.013085795689519583
6100.0 ,0.11500000000000003 ,0.23500000000000013 ,-0.03523935484063023
6090.0 ,0.23000000000000012 ,0.3400000000000002 ,-0.038728204725284925
6080.0 ,0.18000000000000008 ,0.28000000000000014 ,-0.040552748695207745
6070.0 ,0.30000000000000016 ,0.2000000000000001 ,-0.08875009805845874
6060.0 ,0.29000000000000015 ,0.075 ,-0.11736693000588028
6050.0 ,0.22500000000000012 ,0.075 ,-0.10180178207992081
6040.0 ,0.22500000000000012 ,0.075 ,-0.10180178207992081
6030.0 ,0.19000000000000009 ,0.025 ,-0.10576350107508062
6020.0 ,0.3200000000000002 ,0.049999999999999996 ,-0.13064789973141178
6010.0 ,0.2600000000000001 ,0.02 ,-0.12398106660542912
6000.0 ,0.9100000000000007 ,0.005 ,-0.4008030999102934
5990.0 ,0.9800000000000008 ,0.10500000000000002 ,-0.35761845463971154
5980.0 ,0.9900000000000008 ,0.075 ,-0.3746716212766795
5970.0 ,0.9250000000000007 ,0.030000000000000002 ,-0.3900883445561062
5960.0 ,0.7900000000000006 ,0.14500000000000005 ,-0.19834917214532521
5950.0 ,0.7000000000000005 ,0.12000000000000004 ,-0.19018770980553307
5940.0 ,0.5650000000000004 ,0.05499999999999999 ,-0.1819496491966336
5930.0 ,0.4600000000000003 ,0.15000000000000005 ,-0.13694286226113725
5920.0 ,0.4750000000000003 ,0.18500000000000008 ,-0.13147880961762026
5910.0 ,0.5250000000000004 ,0.18000000000000008 ,-0.1429811339732779
5900.0 ,0.6250000000000004 ,0.13500000000000004 ,-0.17329817895074104
5890.0 ,0.6750000000000005 ,0.2600000000000001 ,-0.15164999651834335
5880.0 ,0.5800000000000004 ,0.2500000000000001 ,-0.13674313345847783
5870.0 ,0.7150000000000005 ,0.16500000000000006 ,-0.18153808095755156
5860.0 ,0.8450000000000006 ,0.18000000000000008 ,-0.2995913370057647
5850.0 ,0.8200000000000006 ,0.1950000000000001 ,-0.19047598700804333
5840.0 ,0.7600000000000006 ,0.075 ,-0.21116220082546688
5830.0 ,0.8500000000000006 ,0.1950000000000001 ,-0.2928430760442001
5820.0 ,0.8200000000000006 ,0.30500000000000016 ,-0.2365594168629156
5810.0 ,0.7350000000000005 ,0.2000000000000001 ,-0.17621050924196627
5800.0 ,0.6050000000000004 ,0.3250000000000002 ,-0.1237384510777457
5790.0 ,0.6250000000000004 ,0.4400000000000003 ,-0.10165709236878957
5780.0 ,0.7550000000000006 ,0.4700000000000003 ,-0.18928959961410108
5770.0 ,0.6900000000000005 ,0.3400000000000002 ,-0.1354328759075087
5760.0 ,0.6250000000000004 ,0.4800000000000003 ,-0.1525334726752518
5750.0 ,0.5950000000000004 ,0.6200000000000004 ,-0.10256393709048148
5740.0 ,0.5200000000000004 ,0.5600000000000004 ,-0.08634552292112962
5730.0 ,0.5400000000000004 ,0.4900000000000003 ,-0.0748846884871419
5720.0 ,0.4850000000000003 ,0.5200000000000004 ,-0.05756471115421449
5710.0 ,0.5550000000000004 ,0.5900000000000004 ,-0.09413102233212149
5700.0 ,0.6150000000000004 ,0.6850000000000005 ,-0.09620342864058652
5690.0 ,0.6300000000000004 ,0.6000000000000004 ,-0.11902839300048379
5680.0 ,0.5700000000000004 ,0.4750000000000003 ,-0.08388312266849896
5670.0 ,0.5750000000000004 ,0.3750000000000002 ,-0.10662390911768856
5660.0 ,0.4850000000000003 ,0.3650000000000002 ,-0.09086980876603419
5650.0 ,0.5000000000000003 ,0.31000000000000016 ,-0.10664255901926514
5640.0 ,0.39500000000000024 ,0.42500000000000027 ,-0.05813580465157456
5630.0 ,0.4800000000000003 ,0.3550000000000002 ,-0.09210161699540154
5620.0 ,0.4800000000000003 ,0.3750000000000002 ,-0.08756678669897727
5610.0 ,0.5050000000000003 ,0.39500000000000024 ,-0.08825830886359162
5600.0 ,0.4600000000000003 ,0.28000000000000014 ,-0.10535277284770844
5590.0 ,0.3350000000000002 ,0.1950000000000001 ,-0.09812521197202259
5580.0 ,0.2650000000000001 ,0.23000000000000012 ,-0.07315830804990867
5570.0 ,0.24500000000000013 ,0.28500000000000014 ,-0.05519116231616374
5560.0 ,0.30000000000000016 ,0.24500000000000013 ,-0.07783000681589429
5550.0 ,0.24000000000000013 ,0.30000000000000016 ,-0.05044857672950498
5540.0 ,0.3550000000000002 ,0.41000000000000025 ,-0.05240858336980582
5530.0 ,0.40500000000000025 ,0.30500000000000016 ,-0.08753903353358057
5520.0 ,0.39000000000000024 ,0.3700000000000002 ,-0.06923430926237763
5510.0 ,0.4700000000000003 ,0.39500000000000024 ,-0.08099083548872017
5500.0 ,0.3750000000000002 ,0.4800000000000003 ,-0.04191659502774456
5490.0 ,0.3800000000000002 ,0.5550000000000004 ,-0.027861810469624826
5480.0 ,0.5100000000000003 ,0.6350000000000005 ,-0.06317457626773851
5470.0 ,0.5500000000000004 ,0.6900000000000005 ,-0.07060137026935921
5460.0 ,0.6300000000000004 ,0.6250000000000004 ,-0.11327190968632753
5450.0 ,0.7400000000000005 ,0.5800000000000004 ,-0.1526156079609639
5440.0 ,0.8250000000000006 ,0.6400000000000005 ,-0.1545253660733882
5430.0 ,0.7650000000000006 ,0.6900000000000005 ,-0.1340938076193698
5420.0 ,0.7100000000000005 ,0.6350000000000005 ,-0.133063068301554
5410.0 ,0.7500000000000006 ,0.5100000000000003 ,-0.17462435810970595
5400.0 ,0.7500000000000006 ,0.41500000000000026 ,-0.21032081267117317
5390.0 ,0.6300000000000004 ,0.3650000000000002 ,-0.11916331718844392
5380.0 ,0.6850000000000005 ,0.3650000000000002 ,-0.12886833372305284
5370.0 ,0.7300000000000005 ,0.3450000000000002 ,-0.24052189789976114
5360.0 ,0.8400000000000006 ,0.3600000000000002 ,-0.2525064217613284
5350.0 ,0.9250000000000007 ,0.3750000000000002 ,-0.25616405110907625
5340.0 ,0.8700000000000007 ,0.5050000000000003 ,-0.19651358151774345
5330.0 ,0.9250000000000007 ,0.4450000000000003 ,-0.22500620883137326
5320.0 ,0.8400000000000006 ,0.3650000000000002 ,-0.24992105360603514
5310.0 ,0.8850000000000007 ,0.4900000000000003 ,-0.20351482485357644
5300.0 ,0.7950000000000006 ,0.5450000000000004 ,-0.1726662567405877
5290.0 ,0.8100000000000006 ,0.5550000000000004 ,-0.17246313348238027
5280.0 ,0.6950000000000005 ,0.6500000000000005 ,-0.12626997488726321
5270.0 ,0.6500000000000005 ,0.5550000000000004 ,-0.1366823132467141
5260.0 ,0.6300000000000004 ,0.6000000000000004 ,-0.11902839300048379
5250.0 ,0.5700000000000004 ,0.6300000000000004 ,-0.09089652594445102
5240.0 ,0.5400000000000004 ,0.7350000000000005 ,-0.05843937029985763
5230.0 ,0.6300000000000004 ,0.8500000000000006 ,-0.07632105763847566
5220.0 ,0.7400000000000005 ,0.9300000000000007 ,-0.09642673430960061
5210.0 ,0.7800000000000006 ,0.9700000000000008 ,-0.10061444171931358
5200.0 ,0.6850000000000005 ,1.0 ,-0.07688815792316242
5190.0 ,0.6450000000000005 ,0.9850000000000008 ,-0.06696501796946197
5180.0 ,0.7200000000000005 ,0.9900000000000008 ,-0.08633932879546855
5170.0 ,0.7250000000000005 ,0.9750000000000008 ,-0.08882044417950065
5160.0 ,0.7700000000000006 ,0.9600000000000007 ,-0.09963788583281098
5150.0 ,0.7050000000000005 ,0.9250000000000007 ,-0.08892995386375682
5140.0 ,0.8300000000000006 ,0.9500000000000007 ,-0.11112628321918794
5130.0 ,0.8250000000000006 ,0.9800000000000008 ,-0.10753426488885662
5120.0 ,0.8050000000000006 ,0.8950000000000007 ,-0.11260957592117998
5110.0 ,0.7050000000000005 ,0.9450000000000007 ,-0.08694492698959946
5100.0 ,0.6850000000000005 ,0.9350000000000007 ,-0.08288859737097216
5090.0 ,0.8050000000000006 ,0.8200000000000006 ,-0.12150631805387099
5080.0 ,0.8350000000000006 ,0.8050000000000006 ,-0.1284066142952185
5070.0 ,0.9050000000000007 ,0.7150000000000005 ,-0.15176231111786323
5060.0 ,0.8000000000000006 ,0.6150000000000004 ,-0.1557940974063091
5050.0 ,0.8850000000000007 ,0.6800000000000005 ,-0.1553921894062533
5040.0 ,0.8500000000000006 ,0.7850000000000006 ,-0.13344446832363366
5030.0 ,0.8950000000000007 ,0.7050000000000005 ,-0.15220420863127063
5020.0 ,0.8900000000000007 ,0.6500000000000005 ,-0.16189184955850416
5010.0 ,1.0 ,0.6800000000000005 ,-0.16833060356810464
5000.0 ,0.8750000000000007 ,0.06999999999999999 ,-0.36188541270732916
4990.0 ,0.8450000000000006 ,0.16500000000000006 ,-0.3072605801275124
4980.0 ,0.7900000000000006 ,0.049999999999999996 ,-0.2220279812168699
4970.0 ,0.6800000000000005 ,0.08 ,-0.19675699394356203
4960.0 ,0.6050000000000004 ,0.15000000000000005 ,-0.16588924792690712
4950.0 ,0.6050000000000004 ,0.045 ,-0.19205623616658357
4940.0 ,0.6800000000000005 ,0.02 ,-0.2117524955629721
4930.0 ,0.6600000000000005 ,0.025 ,-0.20702216381885802
4920.0 ,0.7600000000000006 ,0.005 ,-0.2286533114634721
4910.0 ,0.7400000000000005 ,0.049999999999999996 ,-0.2142371909880963
4900.0 ,0.7250000000000005 ,0.030000000000000002 ,-0.21680583840287007
4890.0 ,0.6350000000000005 ,0.025 ,-0.20256289696889385
4880.0 ,0.5900000000000004 ,0.030000000000000002 ,-0.1929880159721748
4870.0 ,0.6400000000000005 ,0.12500000000000003 ,-0.17850067007336856
4860.0 ,0.6400000000000005 ,0.23500000000000013 ,-0.15148610352885328
4850.0 ,0.7200000000000005 ,0.3250000000000002 ,-0.14391886607814278
4840.0 ,0.6050000000000004 ,0.24000000000000013 ,-0.14386969511607473
4830.0 ,0.5600000000000004 ,0.3200000000000002 ,-0.11632178172856952
4820.0 ,0.5950000000000004 ,0.40000000000000024 ,-0.10483866558280999
4810.0 ,0.6850000000000005 ,0.3300000000000002 ,-0.13688679467864193
4800.0 ,0.5950000000000004 ,0.2600000000000001 ,-0.1371909267345299
4790.0 ,0.5800000000000004 ,0.29500000000000015 ,-0.12603374734315875
4780.0 ,0.4800000000000003 ,0.24000000000000013 ,-0.11913546656865534
4770.0 ,0.5300000000000004 ,0.3400000000000002 ,-0.10576889025814733
4760.0 ,0.6000000000000004 ,0.30000000000000016 ,-0.12864207805999245
4750.0 ,0.6600000000000005 ,0.2600000000000001 ,-0.14903184064438968
4740.0 ,0.7300000000000005 ,0.2550000000000001 ,-0.1620776002971302
4730.0 ,0.6200000000000004 ,0.31000000000000016 ,-0.13000762720861558
4720.0 ,0.7000000000000005 ,0.29000000000000015 ,-0.14878524500001578
4710.0 ,0.6900000000000005 ,0.3400000000000002 ,-0.1354328759075087
4700.0 ,0.6800000000000005 ,0.41000000000000025 ,-0.19637790626223228
4690.0 ,0.7750000000000006 ,0.5250000000000004 ,-0.17487801132902145
4680.0 ,0.7150000000000005 ,0.6400000000000005 ,-0.1331768507416452
4670.0 ,0.7450000000000006 ,0.7400000000000005 ,-0.12153056795319447
4660.0 ,0.6850000000000005 ,0.6650000000000005 ,-0.12071664168389773
4650.0 ,0.6900000000000005 ,0.7700000000000006 ,-0.10416458900970521
4640.0 ,0.7900000000000006 ,0.8750000000000007 ,-0.11218074480135871
4630.0 ,0.7350000000000005 ,0.9200000000000007 ,-0.09635804311328397
4620.0 ,0.7600000000000006 ,0.9300000000000007 ,-0.10057975729277598
4610.0 ,0.6950000000000005 ,0.9300000000000007 ,-0.08595142427207411
4600.0 ,0.7800000000000006 ,0.8200000000000006 ,-0.11701401272781231
4590.0 ,0.7600000000000006 ,0.7350000000000005 ,-0.12540885863639917
4580.0 ,0.7700000000000006 ,0.8250000000000006 ,-0.11446517784047561
4570.0 ,0.8050000000000006 ,0.7800000000000006 ,-0.1269460823414792
4560.0 ,0.8750000000000007 ,0.8550000000000006 ,-0.12795652792346746
4550.0 ,0.8900000000000007 ,0.8800000000000007 ,-0.12708312937831842
4540.0 ,0.9350000000000007 ,0.9100000000000007 ,-0.1293500112764824
4530.0 ,0.9900000000000008 ,0.8250000000000006 ,-0.14502204693713308
4520.0 ,0.9050000000000007 ,0.7450000000000006 ,-0.14689172173450094
4510.0 ,0.8500000000000006 ,0.8550000000000006 ,-0.12437544723387728
4500.0 ,0.7600000000000006 ,0.8150000000000006 ,-0.11378998804237292
4490.0 ,0.8350000000000006 ,0.7950000000000006 ,-0.12976495313262132
4480.0 ,0.8450000000000006 ,0.7700000000000006 ,-0.13484899152756732
4470.0 ,0.7500000000000006 ,0.7500000000000006 ,-0.12100856643121666
4460.0 ,0.6600000000000005 ,0.6800000000000005 ,-0.11104546474894242
4450.0 ,0.6950000000000005 ,0.5800000000000004 ,-0.14223832951517104
4440.0 ,0.7600000000000006 ,0.6550000000000005 ,-0.13979717567199737
4430.0 ,0.7200000000000005 ,0.7050000000000005 ,-0.12186034485614085
4420.0 ,0.6300000000000004 ,0.6850000000000005 ,-0.10109786376357144
4410.0 ,0.5350000000000004 ,0.6400000000000005 ,-0.07392746038374634
4400.0 ,0.6350000000000005 ,0.6800000000000005 ,-0.10360494513472299
4390.0 ,0.7050000000000005 ,0.7700000000000006 ,-0.10790128437846315
4380.0 ,0.6050000000000004 ,0.8700000000000007 ,-0.06560434055353243
4370.0 ,0.6300000000000004 ,0.8900000000000007 ,-0.07170295798499823
4360.0 ,0.6750000000000005 ,0.7900000000000006 ,-0.09735062095339167
4350.0 ,0.7400000000000005 ,0.7700000000000006 ,-0.1158874408986377
4340.0 ,0.6800000000000005 ,0.8450000000000006 ,-0.09149395468569203
4330.0 ,0.6850000000000005 ,0.8100000000000006 ,-0.09727509590508326
4320.0 ,0.6350000000000005 ,0.7700000000000006 ,-0.08859557396959719
4310.0 ,0.5750000000000004 ,0.8150000000000006 ,-0.061299972070761044
4300.0 ,0.5550000000000004 ,0.7850000000000006 ,-0.0573041503034101
4290.0 ,0.5000000000000003 ,0.7100000000000005 ,-0.04348408238362522
4280.0 ,0.5800000000000004 ,0.7450000000000006 ,-0.0733593669055807
4270.0 ,0.6100000000000004 ,0.7250000000000005 ,-0.08747139853441366
4260.0 ,0.6300000000000004 ,0.6500000000000005 ,-0.10793684449102216
4250.0 ,0.5700000000000004 ,0.6550000000000005 ,-0.08561590128636398
4240.0 ,0.6450000000000005 ,0.6100000000000004 ,-0.12128753871918493
4230.0 ,0.5800000000000004 ,0.6350000000000005 ,-0.09369430544263829
4220.0 ,0.5800000000000004 ,0.7250000000000005 ,-0.07660816447130031
4210.0 ,0.5000000000000003 ,0.6700000000000005 ,-0.050898499194363844
4200.0 ,0.42000000000000026 ,0.6700000000000005 ,-0.0030944440558962893
4190.0 ,0.3450000000000002 ,0.7650000000000006 ,0.07183978193213228
4180.0 ,0.3500000000000002 ,0.7150000000000005 ,0.05929911079362547
4170.0 ,0.30500000000000016 ,0.7550000000000006 ,-0.2181720795692127
4160.0 ,0.3350000000000002 ,0.8500000000000006 ,-0.22182397136392532
4150.0 ,0.3550000000000002 ,0.9200000000000007 ,-0.22420962004420492
4140.0 ,0.28500000000000014 ,0.8500000000000006 ,-0.21534488790149636
4130.0 ,0.2600000000000001 ,0.8700000000000007 ,-0.2117144256055354
4120.0 ,0.24000000000000013 ,0.8350000000000006 ,-0.2086431346355618
4110.0 ,0.29500000000000015 ,0.8200000000000006 ,-0.21674114722565765
4100.0 ,0.3250000000000002 ,0.8200000000000006 ,-0.22063067504531542
4090.0 ,0.3550000000000002 ,0.7250000000000005 ,0.05676953824629316
4080.0 ,0.28500000000000014 ,0.7600000000000006 ,-0.21543938020766193
4070.0 ,0.31500000000000017 ,0.7050000000000005 ,-0.21955511381344484
4060.0 ,0.3400000000000002 ,0.7900000000000006 ,0.07994746388329618
4050.0 ,0.3700000000000002 ,0.7600000000000006 ,0.05005184575331016
4040.0 ,0.3500000000000002 ,0.8550000000000006 ,0.0798341359823724
4030.0 ,0.28500000000000014 ,0.8700000000000007 ,-0.21533652328347852
4020.0 ,0.2200000000000001 ,0.8900000000000007 ,-0.20532481541808803
4010.0 ,0.13500000000000004 ,0.9050000000000007 ,-0.19033437655193808
4000.0 ,1.0 ,0.049999999999999996 ,-0.38898713309342137
3990.0 ,1.0 ,0.085 ,-0.37051155488743354
3980.0 ,0.9800000000000008 ,0.075 ,-0.37350632885913393
3970.0 ,0.9500000000000007 ,0.16500000000000006 ,-0.3224986173113307
3960.0 ,1.0 ,0.09500000000000001 ,-0.3652104789572285
3950.0 ,0.9800000000000008 ,0.14500000000000005 ,-0.3365364273390019
3940.0 ,0.9900000000000008 ,0.18500000000000008 ,-0.31702735649213076
3930.0 ,0.9750000000000008 ,0.18000000000000008 ,-0.31784283529400004
3920.0 ,0.9850000000000008 ,0.14000000000000004 ,-0.3397361221342755
3910.0 ,0.9450000000000007 ,0.12500000000000003 ,-0.34275039511104344
3900.0 ,0.9900000000000008 ,0.12000000000000004 ,-0.3508416806907479
3890.0 ,0.9150000000000007 ,0.2050000000000001 ,-0.2976004644971398
3880.0 ,0.8300000000000006 ,0.12000000000000004 ,-0.2104468947747512
3870.0 ,0.8350000000000006 ,0.09000000000000001 ,-0.21863882491863124
3860.0 ,0.8450000000000006 ,0.16000000000000006 ,-0.30983617774517574
3850.0 ,0.7800000000000006 ,0.12000000000000004 ,-0.20303655567734402
3840.0 ,0.8650000000000007 ,0.1950000000000001 ,-0.2952456361880622
3830.0 ,0.7850000000000006 ,0.16500000000000006 ,-0.19264645658006
3820.0 ,0.8450000000000006 ,0.24000000000000013 ,-0.2700461631228684
3810.0 ,0.8350000000000006 ,0.2100000000000001 ,-0.2828891371036408
3800.0 ,0.8400000000000006 ,0.16500000000000006 ,-0.3064241622940676
3790.0 ,0.8050000000000006 ,0.24500000000000013 ,-0.2607382417129867
3780.0 ,0.8350000000000006 ,0.18500000000000008 ,-0.29537621601678166
3770.0 ,0.7500000000000006 ,0.17500000000000007 ,-0.18474538469975277
3760.0 ,0.7400000000000005 ,0.2550000000000001 ,-0.1636932515639114
3750.0 ,0.7450000000000006 ,0.2550000000000001 ,-0.16449387301484186
3740.0 ,0.7500000000000006 ,0.29500000000000015 ,-0.15578041897110675
3730.0 ,0.7700000000000006 ,0.3400000000000002 ,-0.2513910428159141
3720.0 ,0.8250000000000006 ,0.29000000000000015 ,-0.24388008063748345
3710.0 ,0.9150000000000007 ,0.24000000000000013 ,-0.2805631091057438
3700.0 ,0.8700000000000007 ,0.18500000000000008 ,-0.3010658646309925
3690.0 ,0.9450000000000007 ,0.2550000000000001 ,-0.27744287979224047
3680.0 ,0.9850000000000008 ,0.24000000000000013 ,-0.28930578907307736
3670.0 ,0.9800000000000008 ,0.2550000000000001 ,-0.2816596145702897
3660.0 ,0.9800000000000008 ,0.27000000000000013 ,-0.27474908041081614
3650.0 ,0.9350000000000007 ,0.1950000000000001 ,-0.3052791653042426
3640.0 ,0.9350000000000007 ,0.24500000000000013 ,-0.28085566606215223
3630.0 ,0.8700000000000007 ,0.2100000000000001 ,-0.28856104820404194
3620.0 ,0.9400000000000007 ,0.14500000000000005 ,-0.3316096096289003
3610.0 ,0.9800000000000008 ,0.2200000000000001 ,-0.29839947254924837
3600.0 ,0.9850000000000008 ,0.30000000000000016 ,-0.26202017062879346
3590.0 ,0.9800000000000008 ,0.30500000000000016 ,-0.259307467667799
3580.0 ,0.9800000000000008 ,0.27000000000000013 ,-0.27474908041081614
3570.0 ,0.9350000000000007 ,0.19000000000000009 ,-0.3077994160857174
3560.0 ,0.9950000000000008 ,0.24000000000000013 ,-0.2904290847354956
3550.0 ,0.9800000000000008 ,0.23000000000000012 ,-0.29353409302052413
3540.0 ,0.9450000000000007 ,0.2600000000000001 ,-0.2751237540481749
3530.0 ,0.9750000000000008 ,0.2000000000000001 ,-0.307724890920769
3520.0 ,0.9750000000000008 ,0.22500000000000012 ,-0.2953774779657885
3510.0 ,0.9800000000000008 ,0.18500000000000008 ,-0.31588029405670437
3500.0 ,0.9850000000000008 ,0.14000000000000004 ,-0.3397361221342755
3490.0 ,0.9450000000000007 ,0.08 ,-0.36653951386497574
3480.0 ,0.9250000000000007 ,0.01 ,-0.40036337061121274
3470.0 ,0.9800000000000008 ,0.0 ,-0.4124878435481243
3460.0 ,0.9950000000000008 ,0.030000000000000002 ,-0.39885828533420575
3450.0 ,0.9300000000000007 ,0.035 ,-0.38817660345588856
3440.0 ,0.9100000000000007 ,0.09500000000000001 ,-0.3538790976076592
3430.0 ,0.9700000000000008 ,0.04 ,-0.3907071234125283
3420.0 ,0.9950000000000008 ,0.049999999999999996 ,-0.3884209508003199
3410.0 ,1.0 ,0.045 ,-0.39160759205993645
3400.0 ,0.9800000000000008 ,0.085 ,-0.3682139606547139
3390.0 ,0.9800000000000008 ,0.085 ,-0.3682139606547139
3380.0 ,0.9400000000000007 ,0.10500000000000002 ,-0.35266400935663034
3370.0 ,0.9450000000000007 ,0.10500000000000002 ,-0.3533118902094775
3360.0 ,0.9700000000000008 ,0.085 ,-0.3670198297390874
3350.0 ,0.9450000000000007 ,0.09500000000000001 ,-0.35860358864741815
3340.0 ,0.8750000000000007 ,0.16500000000000006 ,-0.312052986624313
3330.0 ,0.8600000000000007 ,0.24500000000000013 ,-0.27010277429941604
3320.0 ,0.8700000000000007 ,0.2150000000000001 ,-0.2861006271989218
3310.0 ,0.8050000000000006 ,0.19000000000000009 ,-0.18949918231767546
3300.0 ,0.8700000000000007 ,0.2600000000000001 ,-0.26467248719283964
3290.0 ,0.8700000000000007 ,0.19000000000000009 ,-0.2985396282138003
3280.0 ,0.8700000000000007 ,0.23500000000000013 ,-0.276410614241674
3270.0 ,0.8500000000000006 ,0.17500000000000007 ,-0.30296194524045394
3260.0 ,0.8100000000000006 ,0.17500000000000007 ,-0.1939226807167985
3250.0 ,0.8050000000000006 ,0.2200000000000001 ,-0.1821770328195863
3240.0 ,0.7950000000000006 ,0.29000000000000015 ,-0.23848886675644018
3230.0 ,0.7550000000000006 ,0.30500000000000016 ,-0.15422142544625672
3220.0 ,0.6900000000000005 ,0.3550000000000002 ,-0.13199617803459207
3210.0 ,0.7000000000000005 ,0.3450000000000002 ,-0.1359766095374394
3200.0 ,0.7650000000000006 ,0.31500000000000017 ,-0.22202901573377992
3190.0 ,0.7250000000000005 ,0.3250000000000002 ,-0.14473870945748696
3180.0 ,0.7000000000000005 ,0.30000000000000016 ,-0.14642951678371297
3170.0 ,0.7200000000000005 ,0.2650000000000001 ,-0.15804982736766285
3160.0 ,0.7950000000000006 ,0.30000000000000016 ,-0.23417231101052852
3150.0 ,0.7750000000000006 ,0.29500000000000015 ,-0.23248058945113403
3140.0 ,0.7750000000000006 ,0.3550000000000002 ,-0.24421000892126066
3130.0 ,0.7050000000000005 ,0.38500000000000023 ,-0.214238763309746
3120.0 ,0.7050000000000005 ,0.4400000000000003 ,-0.1898517969855549
3110.0 ,0.6650000000000005 ,0.4500000000000003 ,-0.1756032705298546
3100.0 ,0.6250000000000004 ,0.4800000000000003 ,-0.1525334726752518
3090.0 ,0.6200000000000004 ,0.5100000000000003 ,-0.14079651395489107
3080.0 ,0.5600000000000004 ,0.4700000000000003 ,-0.08299538259535096
3070.0 ,0.5000000000000003 ,0.5350000000000004 ,-0.05765669328095133
3060.0 ,0.4900000000000003 ,0.5000000000000003 ,-0.0626780500976427
3050.0 ,0.5200000000000004 ,0.4750000000000003 ,-0.07400794833456636
3040.0 ,0.5800000000000004 ,0.41500000000000026 ,-0.09868432722354703
3030.0 ,0.6250000000000004 ,0.42000000000000026 ,-0.10599922121865499
3020.0 ,0.6750000000000005 ,0.41000000000000025 ,-0.19506369171228066
3010.0 ,0.7000000000000005 ,0.4700000000000003 ,-0.1771073929370474
3000.0 ,0.9650000000000007 ,0.025 ,-0.39788021265553275
2990.0 ,0.9100000000000007 ,0.030000000000000002 ,-0.3879924598847216
2980.0 ,0.9400000000000007 ,0.0 ,-0.4074605515716071
2970.0 ,0.9600000000000007 ,0.06499999999999999 ,-0.3763613986353238
2960.0 ,1.0 ,0.13500000000000004 ,-0.34406100916112675
2950.0 ,0.9450000000000007 ,0.08 ,-0.36653951386497574
2940.0 ,0.9950000000000008 ,0.02 ,-0.40402770301595364
2930.0 ,0.9900000000000008 ,0.08 ,-0.37202562195104805
2920.0 ,0.9750000000000008 ,0.12000000000000004 ,-0.3490936097692869
2910.0 ,0.9850000000000008 ,0.09000000000000001 ,-0.36615056376109656
2900.0 ,1.0 ,0.045 ,-0.39160759205993645
2890.0 ,0.9950000000000008 ,0.005 ,-0.411706290605275
2880.0 ,1.0 ,0.030000000000000002 ,-0.39942610223852404
2870.0 ,0.9700000000000008 ,0.005 ,-0.40874441035536346
2860.0 ,1.0 ,0.06999999999999999 ,-0.37845132943878346
2850.0 ,0.9600000000000007 ,0.06499999999999999 ,-0.3763613986353238
2840.0 ,0.9850000000000008 ,0.085 ,-0.3687995346871368
2830.0 ,0.9650000000000007 ,0.08 ,-0.3690569849520039
2820.0 ,0.9400000000000007 ,0.09500000000000001 ,-0.35795481863180934
2810.0 ,0.9600000000000007 ,0.11500000000000003 ,-0.3499168106966074
2800.0 ,0.9500000000000007 ,0.15500000000000005 ,-0.3276783437063943
2790.0 ,0.9900000000000008 ,0.15500000000000005 ,-0.33247175435413723
2780.0 ,1.0 ,0.2200000000000001 ,-0.3006527779629313
2770.0 ,0.9950000000000008 ,0.18500000000000008 ,-0.317589813678792
2760.0 ,0.9600000000000007 ,0.2050000000000001 ,-0.30343122946267426
2750.0 ,0.9050000000000007 ,0.18500000000000008 ,-0.30625197695139905
2740.0 ,0.9150000000000007 ,0.17500000000000007 ,-0.31274295840282307
2730.0 ,0.8850000000000007 ,0.19000000000000009 ,-0.3008196387576947
2720.0 ,0.8800000000000007 ,0.2500000000000001 ,-0.2708332399645102
2710.0 ,0.9300000000000007 ,0.28500000000000014 ,-0.26189046134842053
2700.0 ,0.9100000000000007 ,0.3500000000000002 ,-0.2672890937369862
2690.0 ,0.9700000000000008 ,0.31000000000000016 ,-0.2560270463972094
2680.0 ,0.9800000000000008 ,0.2500000000000001 ,-0.2839998230102626
2670.0 ,1.0 ,0.2500000000000001 ,-0.2862433722988029
2660.0 ,0.9600000000000007 ,0.2050000000000001 ,-0.30343122946267426
2650.0 ,0.9400000000000007 ,0.14500000000000005 ,-0.3316096096289003
2640.0 ,0.9550000000000007 ,0.09000000000000001 ,-0.3625231316229293
2630.0 ,0.9950000000000008 ,0.04 ,-0.3936543377827034
2620.0 ,0.9850000000000008 ,0.05999999999999999 ,-0.3820105090628225
2610.0 ,1.0 ,0.035 ,-0.3968277206823896
2600.0 ,0.9750000000000008 ,0.030000000000000002 ,-0.39651248969533215
2590.0 ,1.0 ,0.045 ,-0.39160759205993645
2580.0 ,0.9750000000000008 ,0.0 ,-0.4118874716055334
2570.0 ,0.9800000000000008 ,0.01 ,-0.40740468914508793
2560.0 ,0.9950000000000008 ,0.05499999999999999 ,-0.385794840607807
2550.0 ,0.9500000000000007 ,0.09000000000000001 ,-0.36189060720617183
2540.0 ,0.9850000000000008 ,0.075 ,-0.37409273821224565
2530.0 ,0.9900000000000008 ,0.10000000000000002 ,-0.36142810672267894
2520.0 ,0.9900000000000008 ,0.045 ,-0.39046707134748415
2510.0 ,0.9950000000000008 ,0.01 ,-0.409157636607824
2500.0 ,0.9750000000000008 ,0.005 ,-0.409352146041428
2490.0 ,0.9750000000000008 ,0.049999999999999996 ,-0.3860818269743797
2480.0 ,0.9250000000000007 ,0.09000000000000001 ,-0.3586013311665349
2470.0 ,0.9000000000000007 ,0.045 ,-0.37875684672244664
2460.0 ,0.8700000000000007 ,0.02 ,-0.38713112174417963
2450.0 ,0.9050000000000007 ,0.01 ,-0.39754297243321846
2440.0 ,0.8650000000000007 ,0.05499999999999999 ,-0.3681837914817747
2430.0 ,0.8600000000000007 ,0.045 ,-0.3726010034322895
2420.0 ,0.8400000000000006 ,0.049999999999999996 ,-0.2293439498521737
2410.0 ,0.8700000000000007 ,0.08 ,-0.3558359959829447
2400.0 ,0.9050000000000007 ,0.025 ,-0.389856790875075
2390.0 ,0.8600000000000007 ,0.05999999999999999 ,-0.36476031258996555
2380.0 ,0.8950000000000007 ,0.075 ,-0.36227758261582976
2370.0 ,0.8650000000000007 ,0.10500000000000002 ,-0.34185479473396485
2360.0 ,0.8750000000000007 ,0.14000000000000004 ,-0.32502558609242393
2350.0 ,0.9300000000000007 ,0.11000000000000003 ,-0.3486998117264989
2340.0 ,0.9450000000000007 ,0.09500000000000001 ,-0.35860358864741815
2330.0 ,0.9450000000000007 ,0.09500000000000001 ,-0.35860358864741815
2320.0 ,0.9950000000000008 ,0.12500000000000003 ,-0.34876925443298445
2310.0 ,0.9850000000000008 ,0.11000000000000003 ,-0.35555480076714807
2300.0 ,0.9900000000000008 ,0.06999999999999999 ,-0.37731490760265884
2290.0 ,0.9550000000000007 ,0.049999999999999996 ,-0.38361857586603854
2280.0 ,0.9050000000000007 ,0.085 ,-0.3584525709918751
2270.0 ,0.9050000000000007 ,0.045 ,-0.3794819233590668
2260.0 ,0.9350000000000007 ,0.08 ,-0.365230776283973
2250.0 ,0.8850000000000007 ,0.12000000000000004 ,-0.3370397287095278
2240.0 ,0.9200000000000007 ,0.12000000000000004 ,-0.34206739762383237
2230.0 ,0.9350000000000007 ,0.15500000000000005 ,-0.32574789333375015
2220.0 ,0.9200000000000007 ,0.14000000000000004 ,-0.33155971112109994
2210.0 ,0.9650000000000007 ,0.17000000000000007 ,-0.3217746171199161
2200.0 ,1.0 ,0.12000000000000004 ,-0.35196992615154105
2190.0 ,0.9950000000000008 ,0.13500000000000004 ,-0.34350174925203425
2180.0 ,0.9800000000000008 ,0.18000000000000008 ,-0.3184280672327132
2170.0 ,0.9900000000000008 ,0.14000000000000004 ,-0.3403096305008558
2160.0 ,0.9750000000000008 ,0.13000000000000003 ,-0.34382061181999946
2150.0 ,1.0 ,0.17500000000000007 ,-0.3232548171381796
2140.0 ,0.9900000000000008 ,0.1950000000000001 ,-0.31196534986899993
2130.0 ,0.9950000000000008 ,0.2000000000000001 ,-0.31001428217182225
2120.0 ,0.9550000000000007 ,0.17000000000000007 ,-0.3205477786964148
2110.0 ,0.9850000000000008 ,0.1950000000000001 ,-0.31139636525136183
2100.0 ,0.9850000000000008 ,0.24000000000000013 ,-0.28930578907307736
2090.0 ,0.9500000000000007 ,0.23000000000000012 ,-0.2899310024897319
2080.0 ,0.9100000000000007 ,0.2000000000000001 ,-0.29940113140491187
2070.0 ,0.9300000000000007 ,0.2000000000000001 ,-0.3021150869628808
2060.0 ,0.8850000000000007 ,0.23500000000000013 ,-0.27867746033082397
2050.0 ,0.9000000000000007 ,0.2150000000000001 ,-0.29055751909818117
2040.0 ,0.8850000000000007 ,0.2200000000000001 ,-0.28592613062681455
2030.0 ,0.8500000000000006 ,0.18000000000000008 ,-0.3004152087602027
2020.0 ,0.8950000000000007 ,0.13500000000000004 ,-0.33064254454689274
2010.0 ,0.9400000000000007 ,0.16500000000000006 ,-0.32122185009459503
2000.0 ,0.9750000000000008 ,0.02 ,-0.40167856893753534
1990.0 ,0.9400000000000007 ,0.045 ,-0.38430075516488055
1980.0 ,0.9500000000000007 ,0.06499999999999999 ,-0.37510015728683316
1970.0 ,0.9200000000000007 ,0.05499999999999999 ,-0.37636804072972174
1960.0 ,0.9200000000000007 ,0.09500000000000001 ,-0.355273361720458
1950.0 ,0.9400000000000007 ,0.11500000000000003 ,-0.34737869372245944
1940.0 ,0.9400000000000007 ,0.08 ,-0.3658894091020925
1930.0 ,0.9050000000000007 ,0.05999999999999999 ,-0.37162805087856715
1920.0 ,0.8650000000000007 ,0.05999999999999999 ,-0.3655641033139113
1910.0 ,0.9000000000000007 ,0.02 ,-0.39170148060020926
1900.0 ,0.8800000000000007 ,0.0 ,-0.39886882489205117
1890.0 ,0.8500000000000006 ,0.0 ,-0.3940403765256265
1880.0 ,0.8650000000000007 ,0.030000000000000002 ,-0.3811880945519092
1870.0 ,0.8500000000000006 ,0.0 ,-0.3940403765256265
1860.0 ,0.8900000000000007 ,0.005 ,-0.39786819286962205
1850.0 ,0.8900000000000007 ,0.01 ,-0.3953289190585806
1840.0 ,0.8750000000000007 ,0.01 ,-0.3930262581176217
1830.0 ,0.8500000000000006 ,0.0 ,-0.3940403765256265
1820.0 ,0.8100000000000006 ,0.015 ,-0.23375735999289243
1810.0 ,0.7750000000000006 ,0.015 ,-0.22848733668889937
1800.0 ,0.7350000000000005 ,0.025 ,-0.21968046588990092
1790.0 ,0.7700000000000006 ,0.0 ,-0.23145861032209725
1780.0 ,0.7550000000000006 ,0.030000000000000002 ,-0.22162399612045414
1770.0 ,0.7700000000000006 ,0.05499999999999999 ,-0.21771902699918977
1760.0 ,0.7500000000000006 ,0.045 ,-0.21708362472608933
1750.0 ,0.7600000000000006 ,0.05999999999999999 ,-0.21491098239757217
1740.0 ,0.7700000000000006 ,0.05999999999999999 ,-0.2164690999126274
1730.0 ,0.7700000000000006 ,0.049999999999999996 ,-0.21896901658262724
1720.0 ,0.7700000000000006 ,0.02 ,-0.2264667673923323
1710.0 ,0.7700000000000006 ,0.0 ,-0.23145861032209725
1700.0 ,0.7350000000000005 ,0.005 ,-0.22467418004369583
1690.0 ,0.7150000000000005 ,0.015 ,-0.21890843709002422
1680.0 ,0.6900000000000005 ,0.035 ,-0.20971629785022744
1670.0 ,0.6700000000000005 ,0.049999999999999996 ,-0.2025236979978977
1660.0 ,0.6650000000000005 ,0.02 ,-0.20914872880779292
1650.0 ,0.6450000000000005 ,0.02 ,-0.20560997378733742
1640.0 ,0.6200000000000004 ,0.030000000000000002 ,-0.19858084380519614
1630.0 ,0.6150000000000004 ,0.05999999999999999 ,-0.19016122374075967
1620.0 ,0.6150000000000004 ,0.08 ,-0.1851633896010545
1610.0 ,0.6300000000000004 ,0.11500000000000003 ,-0.17918089509115684
1600.0 ,0.6450000000000005 ,0.13000000000000003 ,-0.17815478069984952
1590.0 ,0.6250000000000004 ,0.13000000000000003 ,-0.17453970706013372
1580.0 ,0.6550000000000005 ,0.13500000000000004 ,-0.17869219499948644
1570.0 ,0.6600000000000005 ,0.17000000000000007 ,-0.1709166409431564
1560.0 ,0.6500000000000005 ,0.16500000000000006 ,-0.17038015531359202
1550.0 ,0.6200000000000004 ,0.15000000000000005 ,-0.16866451170897445
1540.0 ,0.6450000000000005 ,0.18000000000000008 ,-0.1657940770761178
1530.0 ,0.6450000000000005 ,0.16500000000000006 ,-0.16948829567835458
1520.0 ,0.6200000000000004 ,0.1950000000000001 ,-0.15758344389945408
1510.0 ,0.6350000000000005 ,0.22500000000000012 ,-0.15300540926812364
1500.0 ,0.6350000000000005 ,0.22500000000000012 ,-0.15300540926812364
1490.0 ,0.6500000000000005 ,0.24000000000000013 ,-0.15206753114579846
1480.0 ,0.6300000000000004 ,0.2500000000000001 ,-0.14606421822859017
1470.0 ,0.6600000000000005 ,0.24000000000000013 ,-0.15383691410968148
1460.0 ,0.6800000000000005 ,0.2100000000000001 ,-0.1645926186788923
1450.0 ,0.6600000000000005 ,0.2200000000000001 ,-0.15867820410904918
1440.0 ,0.6600000000000005 ,0.2500000000000001 ,-0.15142963552052682
1430.0 ,0.6850000000000005 ,0.2500000000000001 ,-0.1557692347631991
1420.0 ,0.7050000000000005 ,0.24500000000000013 ,-0.16035691915369743
1410.0 ,0.6850000000000005 ,0.24500000000000013 ,-0.1569717151710312
1400.0 ,0.7050000000000005 ,0.27500000000000013 ,-0.15317865182748036
1390.0 ,0.6950000000000005 ,0.29000000000000015 ,-0.1479413480674792
1380.0 ,0.6750000000000005 ,0.28000000000000014 ,-0.14688453338103877
1370.0 ,0.6900000000000005 ,0.29000000000000015 ,-0.14709264169029274
1360.0 ,0.7200000000000005 ,0.31000000000000016 ,-0.14741277842694533
1350.0 ,0.7350000000000005 ,0.30500000000000016 ,-0.15102853041358108
1340.0 ,0.7300000000000005 ,0.29000000000000015 ,-0.15374760233669058
1330.0 ,0.7400000000000005 ,0.30000000000000016 ,-0.153007525387169
1320.0 ,0.7500000000000006 ,0.29000000000000015 ,-0.15695969775802732
1310.0 ,0.7500000000000006 ,0.29000000000000015 ,-0.15695969775802732
1300.0 ,0.7350000000000005 ,0.3200000000000002 ,-0.14752555877974488
1290.0 ,0.7350000000000005 ,0.3300000000000002 ,-0.14520549750701256
1280.0 ,0.7350000000000005 ,0.30500000000000016 ,-0.15102853041358108
1270.0 ,0.7200000000000005 ,0.3250000000000002 ,-0.14391886607814278
1260.0 ,0.6950000000000005 ,0.3450000000000002 ,-0.13513271260490278
1250.0 ,0.7000000000000005 ,0.3700000000000002 ,-0.13028245208148065
1240.0 ,0.6750000000000005 ,0.3750000000000002 ,-0.1248863901139571
1230.0 ,0.6550000000000005 ,0.3500000000000002 ,-0.12706301227376418
1220.0 ,0.6750000000000005 ,0.3500000000000002 ,-0.13056346833780877
1210.0 ,0.6550000000000005 ,0.3700000000000002 ,-0.12251443508350228
1200.0 ,0.6400000000000005 ,0.3550000000000002 ,-0.12324519170491817
1190.0 ,0.6400000000000005 ,0.3550000000000002 ,-0.12324519170491817
1180.0 ,0.6500000000000005 ,0.3500000000000002 ,-0.12617592949997206
1170.0 ,0.6300000000000004 ,0.3750000000000002 ,-0.11690281694806677
1160.0 ,0.6300000000000004 ,0.40000000000000024 ,-0.11131416220073312
1150.0 ,0.6450000000000005 ,0.40000000000000024 ,-0.11401833689354929
1140.0 ,0.6600000000000005 ,0.40000000000000024 ,-0.11667957949266977
1130.0 ,0.6600000000000005 ,0.42000000000000026 ,-0.18657403750149557
1120.0 ,0.6600000000000005 ,0.4450000000000003 ,-0.17618730824622986
1110.0 ,0.6400000000000005 ,0.4500000000000003 ,-0.16838762534983753
1100.0 ,0.6600000000000005 ,0.4650000000000003 ,-0.16848248626549628
1090.0 ,0.6800000000000005 ,0.4650000000000003 ,-0.17390431142044271
1080.0 ,0.6850000000000005 ,0.4450000000000003 ,-0.18289608852609388
1070.0 ,0.6900000000000005 ,0.4450000000000003 ,-0.18416705163590802
1060.0 ,0.7100000000000005 ,0.4650000000000003 ,-0.18134231499093664
1050.0 ,0.7100000000000005 ,0.4500000000000003 ,-0.187059903935287
1040.0 ,0.7100000000000005 ,0.4450000000000003 ,-0.1890309055593827
1030.0 ,0.7200000000000005 ,0.4600000000000003 ,-0.1855244598989782
1020.0 ,0.7200000000000005 ,0.4600000000000003 ,-0.1855244598989782
1010.0 ,0.7350000000000005 ,0.4600000000000003 ,-0.1888392870837763
1000.0 ,0.9900000000000008 ,0.0 ,-0.4136656460533019
990.0 ,0.9750000000000008 ,0.01 ,-0.40680516256236776
980.0 ,0.9800000000000008 ,0.01 ,-0.40740468914508793
970.0 ,0.9700000000000008 ,0.0 ,-0.4112793098381581
960.0 ,0.9750000000000008 ,0.005 ,-0.409352146041428
950.0 ,0.9950000000000008 ,0.025 ,-0.4014476234680024
940.0 ,0.9850000000000008 ,0.025 ,-0.40028901150310126
930.0 ,0.9850000000000008 ,0.04 ,-0.3924982086468515
920.0 ,0.9800000000000008 ,0.025 ,-0.3996984179937396
910.0 ,1.0 ,0.02 ,-0.4045963378892874
900.0 ,1.0 ,0.015 ,-0.40716695312566553
890.0 ,1.0 ,0.02 ,-0.4045963378892874
880.0 ,1.0 ,0.005 ,-0.4122761531784792
870.0 ,0.9850000000000008 ,0.0 ,-0.41308053305482706
860.0 ,1.0 ,0.005 ,-0.4122761531784792
850.0 ,1.0 ,0.02 ,-0.4045963378892874
840.0 ,1.0 ,0.035 ,-0.3968277206823896
830.0 ,1.0 ,0.025 ,-0.40201584930460965
820.0 ,0.9850000000000008 ,0.025 ,-0.40028901150310126
810.0 ,0.9750000000000008 ,0.025 ,-0.3991001588078676
800.0 ,0.9850000000000008 ,0.035 ,-0.39510335607197056
790.0 ,0.9900000000000008 ,0.025 ,-0.4008720451919918
780.0 ,1.0 ,0.030000000000000002 ,-0.39942610223852404
770.0 ,1.0 ,0.04 ,-0.39422133715048324
760.0 ,1.0 ,0.030000000000000002 ,-0.39942610223852404
750.0 ,1.0 ,0.045 ,-0.39160759205993645
740.0 ,0.9950000000000008 ,0.05999999999999999 ,-0.3831633309473987
730.0 ,0.9850000000000008 ,0.075 ,-0.37409273821224565
720.0 ,0.9850000000000008 ,0.085 ,-0.3687995346871368
710.0 ,0.9750000000000008 ,0.09000000000000001 ,-0.364972628736845
700.0 ,0.9750000000000008 ,0.09000000000000001 ,-0.364972628736845
690.0 ,0.9700000000000008 ,0.10000000000000002 ,-0.3590753752869491
680.0 ,0.9800000000000008 ,0.10000000000000002 ,-0.36026697190601126
670.0 ,0.9900000000000008 ,0.10000000000000002 ,-0.36142810672267894
660.0 ,0.9900000000000008 ,0.10000000000000002 ,-0.36142810672267894
650.0 ,0.9800000000000008 ,0.11000000000000003 ,-0.35497131246377744
640.0 ,0.9700000000000008 ,0.12000000000000004 ,-0.34849564456737836
630.0 ,0.9700000000000008 ,0.12500000000000003 ,-0.34585753277789166
620.0 ,0.9800000000000008 ,0.12500000000000003 ,-0.34704491174488744
610.0 ,0.9700000000000008 ,0.12500000000000003 ,-0.34585753277789166
600.0 ,0.9800000000000008 ,0.11500000000000003 ,-0.3523262242949478
590.0 ,0.9900000000000008 ,0.12000000000000004 ,-0.3508416806907479
580.0 ,0.9850000000000008 ,0.12500000000000003 ,-0.3476271505224394
570.0 ,0.9900000000000008 ,0.12500000000000003 ,-0.34820189671936574
560.0 ,0.9900000000000008 ,0.12500000000000003 ,-0.34820189671936574
550.0 ,0.9850000000000008 ,0.13000000000000003 ,-0.3449918517752239
540.0 ,0.9850000000000008 ,0.13000000000000003 ,-0.3449918517752239
530.0 ,0.9800000000000008 ,0.14000000000000004 ,-0.33915513132809544
520.0 ,0.9900000000000008 ,0.15000000000000005 ,-0.3350772604498766
510.0 ,1.0 ,0.15000000000000005 ,-0.33620061618311076
500.0 ,0.9950000000000008 ,0.15500000000000005 ,-0.3330366582655961
490.0 ,0.9950000000000008 ,0.15500000000000005 ,-0.3330366582655961
480.0 ,0.9900000000000008 ,0.15500000000000005 ,-0.33247175435413723
470.0 ,0.9850000000000008 ,0.16000000000000006 ,-0.32930235020892545
460.0 ,0.9850000000000008 ,0.16000000000000006 ,-0.32930235020892545
450.0 ,0.9900000000000008 ,0.16500000000000006 ,-0.3272852513570217
440.0 ,0.9900000000000008 ,0.16500000000000006 ,-0.3272852513570217
430.0 ,0.9850000000000008 ,0.16500000000000006 ,-0.3267138022963726
420.0 ,0.9800000000000008 ,0.16500000000000006 ,-0.32613488772256477
410.0 ,0.9850000000000008 ,0.17000000000000007 ,-0.3241344509378298
400.0 ,0.9850000000000008 ,0.16500000000000006 ,-0.3267138022963726
390.0 ,0.9850000000000008 ,0.16500000000000006 ,-0.3267138022963726
380.0 ,0.9850000000000008 ,0.17000000000000007 ,-0.3241344509378298
370.0 ,0.9850000000000008 ,0.17000000000000007 ,-0.3241344509378298
360.0 ,0.9850000000000008 ,0.17000000000000007 ,-0.3241344509378298
350.0 ,0.9900000000000008 ,0.17500000000000007 ,-0.32213552559334957
340.0 ,0.9900000000000008 ,0.17500000000000007 ,-0.32213552559334957
330.0 ,0.9950000000000008 ,0.18000000000000008 ,-0.32013881878757117
320.0 ,0.9950000000000008 ,0.18500000000000008 ,-0.317589813678792
310.0 ,0.9950000000000008 ,0.19000000000000009 ,-0.3150523523667098
300.0 ,1.0 ,0.19000000000000009 ,-0.3156071602668029
290.0 ,1.0 ,0.19000000000000009 ,-0.3156071602668029
280.0 ,1.0 ,0.1950000000000001 ,-0.3130813976171513
270.0 ,1.0 ,0.1950000000000001 ,-0.3130813976171513
260.0 ,1.0 ,0.2000000000000001 ,-0.3105682833638315
250.0 ,1.0 ,0.2000000000000001 ,-0.3105682833638315
240.0 ,1.0 ,0.2000000000000001 ,-0.3105682833638315
230.0 ,1.0 ,0.2050000000000001 ,-0.3080683508366544
220.0 ,1.0 ,0.2100000000000001 ,-0.3055821202498157
210.0 ,1.0 ,0.2100000000000001 ,-0.3055821202498157
200.0 ,1.0 ,0.2150000000000001 ,-0.3031100983285996
190.0 ,1.0 ,0.2150000000000001 ,-0.3031100983285996
180.0 ,1.0 ,0.2150000000000001 ,-0.3031100983285996
170.0 ,1.0 ,0.2150000000000001 ,-0.3031100983285996
160.0 ,1.0 ,0.2150000000000001 ,-0.3031100983285996
150.0 ,1.0 ,0.2150000000000001 ,-0.3031100983285996
140.0 ,1.0 ,0.2200000000000001 ,-0.3006527779629313
130.0 ,1.0 ,0.2200000000000001 ,-0.3006527779629313
120.0 ,1.0 ,0.22500000000000012 ,-0.298210637888062
110.0 ,1.0 ,0.23000000000000012 ,-0.2957841423925883
100.0 ,1.0 ,0.23000000000000012 ,-0.2957841423925883
90.0 ,1.0 ,0.23000000000000012 ,-0.2957841423925883
80.0 ,1.0 ,0.23500000000000013 ,-0.2933737410539192
70.0 ,1.0 ,0.23500000000000013 ,-0.2933737410539192
60.0 ,1.0 ,0.23500000000000013 ,-0.2933737410539192
50.0 ,1.0 ,0.23500000000000013 ,-0.2933737410539192
40.0 ,1.0 ,0.23500000000000013 ,-0.2933737410539192
30.0 ,1.0 ,0.23500000000000013 ,-0.2933737410539192
20.0 ,1.0 ,0.23500000000000013 ,-0.2933737410539192
10.0 ,1.0 ,0.24000000000000013 ,-0.2909798685012236