0.0 , 0.0 , -0.06474169086336092
0.025 , 0.0 , -0.07098258636072574
0.05 , 0.0 , -0.07723128460283091
0.07500000000000001 , 0.0 , -0.08347998284493609
0.1 , 0.0 , -0.0897208783423009
0.125 , 0.0 , -0.09594620727470568
0.15000000000000002 , 0.0 , -0.10214828325906987
0.17500000000000002 , 0.0 , -0.10831953504572997
0.2 , 0.0 , -0.11445254300866041
0.225 , 0.0 , -0.12054007406149594
0.25 , 0.0 , -0.1265751146590569
0.275 , 0.0 , -0.13255090157744193
0.30000000000000004 , 0.0 , -0.1384609502037582
0.325 , 0.0 , -0.14429908010823125
0.35000000000000003 , 0.0 , -0.15005943771572863
0.375 , 0.0 , -0.1557365159395803
0.4 , 0.0 , -0.16132517068691396
0.42500000000000004 , 0.0 , -0.1668206341905274
0.45 , 0.0 , -0.17221852516663713
0.47500000000000003 , 0.0 , -0.1775148558398174
0.5 , 0.0 , -0.18270603591533288
0.525 , 0.0 , -0.18778887361426244
0.55 , 0.0 , -0.19276057391783336
0.5750000000000001 , 0.0 , -0.1976187341939079
0.6000000000000001 , 0.0 , -0.20236133740038972
0.625 , 0.0 , -0.20698674307738643
0.65 , 0.0 , -0.21149367635233973
0.675 , 0.0 , -0.21588121519017647
0.7000000000000001 , 0.0 , -0.22014877612411024
0.7250000000000001 , 0.0 , -0.22429609870235725
0.75 , 0.0 , -0.2283232288821218
0.775 , 0.0 , -0.23223050159517442
0.8 , 0.0 , -0.23601852269965273
0.8250000000000001 , 0.0 , -0.239688150520811
0.8500000000000001 , 0.0 , -0.3940403765256264
0.875 , 0.0 , -0.3980902154905356
0.9 , 0.0 , -0.4018833840455249
0.925 , 0.0 , -0.40543685190223605
0.9500000000000001 , 0.0 , -0.4087665648286929
0.9750000000000001 , 0.0 , -0.4118874716055333
1.0 , 0.0 , -0.4148135590147807
0.0 , 0.025 , -0.05850079536599609
0.025 , 0.025 , -0.06474169086336092
0.05 , 0.025 , -0.07099038910546608
0.07500000000000001 , 0.025 , -0.07723908734757126
0.1 , 0.025 , -0.08347998284493607
0.125 , 0.025 , -0.08970531177734087
0.15000000000000002 , 0.025 , -0.09590738776170504
0.17500000000000002 , 0.025 , -0.10207863954836514
0.2 , 0.025 , -0.10821164751129558
0.225 , 0.025 , -0.1142991785641311
0.25 , 0.025 , -0.12033421916169208
0.275 , 0.025 , -0.1263100060800771
0.30000000000000004 , 0.025 , -0.13222005470639336
0.325 , 0.025 , -0.13805818461086644
0.35000000000000003 , 0.025 , -0.14381854221836382
0.375 , 0.025 , -0.14949562044221548
0.4 , 0.025 , -0.15508427518954915
0.42500000000000004 , 0.025 , -0.16057973869316255
0.45 , 0.025 , -0.16597762966927232
0.47500000000000003 , 0.025 , -0.17127396034245257
0.5 , 0.025 , -0.17646514041796807
0.525 , 0.025 , -0.1815479781168976
0.55 , 0.025 , -0.18651967842046852
0.5750000000000001 , 0.025 , -0.1913778386965431
0.6000000000000001 , 0.025 , -0.1961204419030249
0.625 , 0.025 , -0.20074584758002162
0.65 , 0.025 , -0.2052527808549749
0.675 , 0.025 , -0.20964031969281166
0.7000000000000001 , 0.025 , -0.21390788062674543
0.7250000000000001 , 0.025 , -0.21805520320499244
0.75 , 0.025 , -0.22208233338475697
0.775 , 0.025 , -0.2259896060978096
0.8 , 0.025 , -0.2297776272022879
0.8250000000000001 , 0.025 , -0.23344725502344615
0.8500000000000001 , 0.025 , -0.38131150556389204
0.875 , 0.025 , -0.3853487736926694
0.9 , 0.025 , -0.3891298178013666
0.925 , 0.025 , -0.39267160315400496
0.9500000000000001 , 0.025 , -0.3959900696140386
0.9750000000000001 , 0.025 , -0.39910015880786753
1.0 , 0.025 , -0.40201584930460965
0.0 , 0.05 , -0.05225209712389092
0.025 , 0.05 , -0.05849299262125575
0.05 , 0.05 , -0.06474169086336092
0.07500000000000001 , 0.05 , -0.0709903891054661
0.1 , 0.05 , -0.07723128460283091
0.125 , 0.05 , -0.0834566135352357
0.15000000000000002 , 0.05 , -0.08965868951959988
0.17500000000000002 , 0.05 , -0.09582994130625998
0.2 , 0.05 , -0.10196294926919042
0.225 , 0.05 , -0.10805048032202594
0.25 , 0.05 , -0.11408552091958692
0.275 , 0.05 , -0.12006130783797192
0.30000000000000004 , 0.05 , -0.1259713564642882
0.325 , 0.05 , -0.13180948636876127
0.35000000000000003 , 0.05 , -0.13756984397625865
0.375 , 0.05 , -0.14324692220011032
0.4 , 0.05 , -0.14883557694744398
0.42500000000000004 , 0.05 , -0.1543310404510574
0.45 , 0.05 , -0.15972893142716715
0.47500000000000003 , 0.05 , -0.1650252621003474
0.5 , 0.05 , -0.1702164421758629
0.525 , 0.05 , -0.17529927987479244
0.55 , 0.05 , -0.18027098017836335
0.5750000000000001 , 0.05 , -0.18512914045443793
0.6000000000000001 , 0.05 , -0.18987174366091975
0.625 , 0.05 , -0.19449714933791645
0.65 , 0.05 , -0.19900408261286973
0.675 , 0.05 , -0.2033916214507065
0.7000000000000001 , 0.05 , -0.20765918238464026
0.7250000000000001 , 0.05 , -0.21180650496288728
0.75 , 0.05 , -0.2158336351426518
0.775 , 0.05 , -0.21974090785570444
0.8 , 0.05 , -0.22352892896018273
0.8250000000000001 , 0.05 , -0.227198556781341
0.8500000000000001 , 0.05 , -0.23075088343032318
0.875 , 0.05 , -0.37237627990346667
0.9 , 0.05 , -0.37614520464784895
0.925 , 0.05 , -0.37967531488988654
0.9500000000000001 , 0.05 , -0.38298254427108497
0.9750000000000001 , 0.05 , -0.38608182697437965
1.0 , 0.05 , -0.38898713309342137
0.0 , 0.07500000000000001 , -0.04600339888178575
0.025 , 0.07500000000000001 , -0.05224429437915057
0.05 , 0.07500000000000001 , -0.05849299262125575
0.07500000000000001 , 0.07500000000000001 , -0.06474169086336092
0.1 , 0.07500000000000001 , -0.07098258636072574
0.125 , 0.07500000000000001 , -0.07720791529313052
0.15000000000000002 , 0.07500000000000001 , -0.08340999127749471
0.17500000000000002 , 0.07500000000000001 , -0.0895812430641548
0.2 , 0.07500000000000001 , -0.09571425102708525
0.225 , 0.07500000000000001 , -0.10180178207992077
0.25 , 0.07500000000000001 , -0.10783682267748174
0.275 , 0.07500000000000001 , -0.11381260959586675
0.30000000000000004 , 0.07500000000000001 , -0.11972265822218303
0.325 , 0.07500000000000001 , -0.12556078812665608
0.35000000000000003 , 0.07500000000000001 , -0.13132114573415346
0.375 , 0.07500000000000001 , -0.13699822395800512
0.4 , 0.07500000000000001 , -0.1425868787053388
0.42500000000000004 , 0.07500000000000001 , -0.14808234220895222
0.45 , 0.07500000000000001 , -0.15348023318506196
0.47500000000000003 , 0.07500000000000001 , -0.15877656385824224
0.5 , 0.07500000000000001 , -0.1639677439337577
0.525 , 0.07500000000000001 , -0.16905058163268727
0.55 , 0.07500000000000001 , -0.17402228193625818
0.5750000000000001 , 0.07500000000000001 , -0.17888044221233276
0.6000000000000001 , 0.07500000000000001 , -0.18362304541881455
0.625 , 0.07500000000000001 , -0.18824845109581126
0.65 , 0.07500000000000001 , -0.19275538437076456
0.675 , 0.07500000000000001 , -0.1971429232086013
0.7000000000000001 , 0.07500000000000001 , -0.20141048414253507
0.7250000000000001 , 0.07500000000000001 , -0.20555780672078208
0.75 , 0.07500000000000001 , -0.20958493690054664
0.775 , 0.07500000000000001 , -0.21349220961359924
0.8 , 0.07500000000000001 , -0.21728023071807756
0.8250000000000001 , 0.07500000000000001 , -0.22094985853923582
0.8500000000000001 , 0.07500000000000001 , -0.22450218518821802
0.875 , 0.07500000000000001 , -0.35925253488935033
0.9 , 0.07500000000000001 , -0.3630093482125136
0.925 , 0.07500000000000001 , -0.36652779346093645
0.9500000000000001 , 0.07500000000000001 , -0.36982379774176555
0.9750000000000001 , 0.07500000000000001 , -0.372912287510319
1.0 , 0.07500000000000001 , -0.3758072241273432
0.0 , 0.1 , -0.03976250338442093
0.025 , 0.1 , -0.046003398881785756
0.05 , 0.1 , -0.05225209712389092
0.07500000000000001 , 0.1 , -0.0585007953659961
0.1 , 0.1 , -0.06474169086336092
0.125 , 0.1 , -0.0709670197957657
0.15000000000000002 , 0.1 , -0.07716909578012988
0.17500000000000002 , 0.1 , -0.08334034756678999
0.2 , 0.1 , -0.08947335552972042
0.225 , 0.1 , -0.09556088658255596
0.25 , 0.1 , -0.10159592718011692
0.275 , 0.1 , -0.10757171409850193
0.30000000000000004 , 0.1 , -0.11348176272481822
0.325 , 0.1 , -0.11931989262929127
0.35000000000000003 , 0.1 , -0.12508025023678865
0.375 , 0.1 , -0.1307573284606403
0.4 , 0.1 , -0.13634598320797398
0.42500000000000004 , 0.1 , -0.1418414467115874
0.45 , 0.1 , -0.14723933768769715
0.47500000000000003 , 0.1 , -0.1525356683608774
0.5 , 0.1 , -0.1577268484363929
0.525 , 0.1 , -0.16280968613532246
0.55 , 0.1 , -0.16778138643889334
0.5750000000000001 , 0.1 , -0.17263954671496795
0.6000000000000001 , 0.1 , -0.17738214992144974
0.625 , 0.1 , -0.18200755559844645
0.65 , 0.1 , -0.18651448887339975
0.675 , 0.1 , -0.1909020277112365
0.7000000000000001 , 0.1 , -0.19516958864517026
0.7250000000000001 , 0.1 , -0.19931691122341727
0.75 , 0.1 , -0.20334404140318182
0.775 , 0.1 , -0.20725131411623443
0.8 , 0.1 , -0.21103933522071275
0.8250000000000001 , 0.1 , -0.214708963041871
0.8500000000000001 , 0.1 , -0.2182612896908532
0.875 , 0.1 , -0.3460610223719144
0.9 , 0.1 , -0.34980573505650003
0.925 , 0.1 , -0.35331252812956304
0.9500000000000001 , 0.1 , -0.3565973218566468
0.9750000000000001 , 0.1 , -0.35967503468654793
1.0 , 0.1 , -0.3625596189949483
0.0 , 0.125 , -0.03353717445201615
0.025 , 0.125 , -0.039778069949380976
0.05 , 0.125 , -0.04602676819148614
0.07500000000000001 , 0.125 , -0.05227546643359132
0.1 , 0.125 , -0.05851636193095614
0.125 , 0.125 , -0.06474169086336093
0.15000000000000002 , 0.125 , -0.0709437668477251
0.17500000000000002 , 0.125 , -0.0771150186343852
0.2 , 0.125 , -0.08324802659731564
0.225 , 0.125 , -0.08933555765015117
0.25 , 0.125 , -0.09537059824771214
0.275 , 0.125 , -0.10134638516609715
0.30000000000000004 , 0.125 , -0.10725643379241342
0.325 , 0.125 , -0.11309456369688649
0.35000000000000003 , 0.125 , -0.11885492130438387
0.375 , 0.125 , -0.12453199952823553
0.4 , 0.125 , -0.13012065427556918
0.42500000000000004 , 0.125 , -0.13561611777918264
0.45 , 0.125 , -0.14101400875529235
0.47500000000000003 , 0.125 , -0.14631033942847263
0.5 , 0.125 , -0.1515015195039881
0.525 , 0.125 , -0.1565843572029177
0.55 , 0.125 , -0.16155605750648858
0.5750000000000001 , 0.125 , -0.16641421778256316
0.6000000000000001 , 0.125 , -0.17115682098904494
0.625 , 0.125 , -0.17578222666604165
0.65 , 0.125 , -0.18028915994099498
0.675 , 0.125 , -0.1846766987788317
0.7000000000000001 , 0.125 , -0.18894425971276546
0.7250000000000001 , 0.125 , -0.19309158229101248
0.75 , 0.125 , -0.19711871247077706
0.775 , 0.125 , -0.20102598518382964
0.8 , 0.125 , -0.20481400628830798
0.8250000000000001 , 0.125 , -0.20848363410946624
0.8500000000000001 , 0.125 , -0.32889969928447377
0.875 , 0.125 , -0.33288673823369247
0.9 , 0.125 , -0.3366193638777949
0.925 , 0.125 , -0.3401145202704092
0.9500000000000001 , 0.125 , -0.34338812053358625
0.9750000000000001 , 0.125 , -0.34645507483611254
1.0 , 0.125 , -0.34932932632186664
0.0 , 0.15000000000000002 , -0.02733509846765196
0.025 , 0.15000000000000002 , -0.03357599396501679
0.05 , 0.15000000000000002 , -0.03982469220712195
0.07500000000000001 , 0.15000000000000002 , -0.04607339044922713
0.1 , 0.15000000000000002 , -0.05231428594659195
0.125 , 0.15000000000000002 , -0.05853961487899673
0.15000000000000002 , 0.15000000000000002 , -0.06474169086336092
0.17500000000000002 , 0.15000000000000002 , -0.07091294265002102
0.2 , 0.15000000000000002 , -0.07704595061295146
0.225 , 0.15000000000000002 , -0.08313348166578699
0.25 , 0.15000000000000002 , -0.08916852226334795
0.275 , 0.15000000000000002 , -0.09514430918173296
0.30000000000000004 , 0.15000000000000002 , -0.10105435780804925
0.325 , 0.15000000000000002 , -0.1068924877125223
0.35000000000000003 , 0.15000000000000002 , -0.11265284532001968
0.375 , 0.15000000000000002 , -0.11832992354387134
0.4 , 0.15000000000000002 , -0.123918578291205
0.42500000000000004 , 0.15000000000000002 , -0.12941404179481844
0.45 , 0.15000000000000002 , -0.13481193277092818
0.47500000000000003 , 0.15000000000000002 , -0.14010826344410843
0.5 , 0.15000000000000002 , -0.14529944351962393
0.525 , 0.15000000000000002 , -0.1503822812185535
0.55 , 0.15000000000000002 , -0.15535398152212437
0.5750000000000001 , 0.15000000000000002 , -0.16021214179819898
0.6000000000000001 , 0.15000000000000002 , -0.16495474500468077
0.625 , 0.15000000000000002 , -0.16958015068167748
0.65 , 0.15000000000000002 , -0.17408708395663078
0.675 , 0.15000000000000002 , -0.17847462279446752
0.7000000000000001 , 0.15000000000000002 , -0.1827421837284013
0.7250000000000001 , 0.15000000000000002 , -0.1868895063066483
0.75 , 0.15000000000000002 , -0.19091663648641286
0.775 , 0.15000000000000002 , -0.19482390919946546
0.8 , 0.15000000000000002 , -0.19861193030394378
0.8250000000000001 , 0.15000000000000002 , -0.20228155812510204
0.8500000000000001 , 0.15000000000000002 , -0.3158394298952602
0.875 , 0.15000000000000002 , -0.3198139399413473
0.9 , 0.15000000000000002 , -0.3235344949319636
0.925 , 0.15000000000000002 , -0.3270180327887766
0.9500000000000001 , 0.15000000000000002 , -0.33028045919399235
0.9750000000000001 , 0.15000000000000002 , -0.3333366757684717
1.0 , 0.15000000000000002 , -0.33620061618311076
0.0 , 0.17500000000000002 , -0.021163846680991874
0.025 , 0.17500000000000002 , -0.027404742178356697
0.05 , 0.17500000000000002 , -0.033653440420461866
0.07500000000000001 , 0.17500000000000002 , -0.03990213866256705
0.1 , 0.17500000000000002 , -0.046143034159931866
0.125 , 0.17500000000000002 , -0.052368363092336646
0.15000000000000002 , 0.17500000000000002 , -0.05857043907670083
0.17500000000000002 , 0.17500000000000002 , -0.06474169086336093
0.2 , 0.17500000000000002 , -0.07087469882629137
0.225 , 0.17500000000000002 , -0.0769622298791269
0.25 , 0.17500000000000002 , -0.08299727047668787
0.275 , 0.17500000000000002 , -0.08897305739507287
0.30000000000000004 , 0.17500000000000002 , -0.09488310602138916
0.325 , 0.17500000000000002 , -0.10072123592586221
0.35000000000000003 , 0.17500000000000002 , -0.10648159353335959
0.375 , 0.17500000000000002 , -0.11215867175721125
0.4 , 0.17500000000000002 , -0.11774732650454492
0.42500000000000004 , 0.17500000000000002 , -0.12324279000815835
0.45 , 0.17500000000000002 , -0.1286406809842681
0.47500000000000003 , 0.17500000000000002 , -0.13393701165744837
0.5 , 0.17500000000000002 , -0.13912819173296384
0.525 , 0.17500000000000002 , -0.1442110294318934
0.55 , 0.17500000000000002 , -0.14918272973546431
0.5750000000000001 , 0.17500000000000002 , -0.15404089001153887
0.6000000000000001 , 0.17500000000000002 , -0.15878349321802068
0.625 , 0.17500000000000002 , -0.1634088988950174
0.65 , 0.17500000000000002 , -0.1679158321699707
0.675 , 0.17500000000000002 , -0.17230337100780743
0.7000000000000001 , 0.17500000000000002 , -0.1765709319417412
0.7250000000000001 , 0.17500000000000002 , -0.18071825451998821
0.75 , 0.17500000000000002 , -0.18474538469975277
0.775 , 0.17500000000000002 , -0.18865265741280537
0.8 , 0.17500000000000002 , -0.1924406785172837
0.8250000000000001 , 0.17500000000000002 , -0.19611030633844195
0.8500000000000001 , 0.17500000000000002 , -0.30296194524045394
0.875 , 0.17500000000000002 , -0.3069239435913295
0.9 , 0.17500000000000002 , -0.31063244707541404
0.925 , 0.17500000000000002 , -0.31410438716164485
0.9500000000000001 , 0.17500000000000002 , -0.31735566180174113
0.9750000000000001 , 0.17500000000000002 , -0.32040116380644534
1.0 , 0.17500000000000002 , -0.32325481713817966
0.0 , 0.2 , -0.01503083871806142
0.025 , 0.2 , -0.021271734215426243
0.05 , 0.2 , -0.027520432457531416
0.07500000000000001 , 0.2 , -0.03376913069963659
0.1 , 0.2 , -0.04001002619700141
0.125 , 0.2 , -0.04623535512940619
0.15000000000000002 , 0.2 , -0.052437431113770375
0.17500000000000002 , 0.2 , -0.058608682900430475
0.2 , 0.2 , -0.06474169086336092
0.225 , 0.2 , -0.07082922191619645
0.25 , 0.2 , -0.07686426251375741
0.275 , 0.2 , -0.08284004943214242
0.30000000000000004 , 0.2 , -0.08875009805845871
0.325 , 0.2 , -0.09458822796293176
0.35000000000000003 , 0.2 , -0.10034858557042914
0.375 , 0.2 , -0.1060256637942808
0.4 , 0.2 , -0.11161431854161447
0.42500000000000004 , 0.2 , -0.1171097820452279
0.45 , 0.2 , -0.12250767302133764
0.47500000000000003 , 0.2 , -0.1278040036945179
0.5 , 0.2 , -0.1329951837700334
0.525 , 0.2 , -0.13807802146896295
0.55 , 0.2 , -0.14304972177253383
0.5750000000000001 , 0.2 , -0.14790788204860844
0.6000000000000001 , 0.2 , -0.15265048525509023
0.625 , 0.2 , -0.15727589093208694
0.65 , 0.2 , -0.16178282420704024
0.675 , 0.2 , -0.16617036304487698
0.7000000000000001 , 0.2 , -0.17043792397881075
0.7250000000000001 , 0.2 , -0.17458524655705776
0.75 , 0.2 , -0.17861237673682231
0.775 , 0.2 , -0.18251964944987492
0.8 , 0.2 , -0.18630767055435324
0.8250000000000001 , 0.2 , -0.28612306745761645
0.8500000000000001 , 0.2 , -0.29034358431532375
0.875 , 0.2 , -0.2942930910528768
0.9 , 0.2 , -0.2979895649060701
0.925 , 0.2 , -0.3014499305761688
0.9500000000000001 , 0.2 , -0.30469007799963643
0.9750000000000001 , 0.2 , -0.30772489092076893
1.0 , 0.2 , -0.3105682833638315
0.0 , 0.225 , -0.008943307665225893
0.025 , 0.225 , -0.015184203162590715
0.05 , 0.225 , -0.02143290140469589
0.07500000000000001 , 0.225 , -0.027681599646801062
0.1 , 0.225 , -0.033922495144165885
0.125 , 0.225 , -0.040147824076570665
0.15000000000000002 , 0.225 , -0.046349900060934854
0.17500000000000002 , 0.225 , -0.05252115184759494
0.2 , 0.225 , -0.05865415981052539
0.225 , 0.225 , -0.06474169086336092
0.25 , 0.225 , -0.0707767314609219
0.275 , 0.225 , -0.07675251837930688
0.30000000000000004 , 0.225 , -0.08266256700562317
0.325 , 0.225 , -0.08850069691009624
0.35000000000000003 , 0.225 , -0.09426105451759362
0.375 , 0.225 , -0.09993813274144528
0.4 , 0.225 , -0.10552678748877894
0.42500000000000004 , 0.225 , -0.11102225099239238
0.45 , 0.225 , -0.11642014196850212
0.47500000000000003 , 0.225 , -0.12171647264168237
0.5 , 0.225 , -0.12690765271719787
0.525 , 0.225 , -0.13199049041612743
0.55 , 0.225 , -0.1369621907196983
0.5750000000000001 , 0.225 , -0.1418203509957729
0.6000000000000001 , 0.225 , -0.1465629542022547
0.625 , 0.225 , -0.15118835987925142
0.65 , 0.225 , -0.15569529315420472
0.675 , 0.225 , -0.16008283199204146
0.7000000000000001 , 0.225 , -0.16435039292597522
0.7250000000000001 , 0.225 , -0.16849771550422224
0.75 , 0.225 , -0.1725248456839868
0.775 , 0.225 , -0.1764321183970394
0.8 , 0.225 , -0.18022013950151772
0.8250000000000001 , 0.225 , -0.27384637627674246
0.8500000000000001 , 0.225 , -0.27805395516521125
0.875 , 0.225 , -0.28199099321187693
0.9 , 0.225 , -0.28567546200498073
0.925 , 0.225 , -0.28912427916918026
0.9500000000000001 , 0.225 , -0.29235332634694355
0.9750000000000001 , 0.225 , -0.29537747796578845
1.0 , 0.225 , -0.298210637888062
0.0 , 0.25 , -0.0029082670676649214
0.025 , 0.25 , -0.009149162565029744
0.05 , 0.25 , -0.015397860807134917
0.07500000000000001 , 0.25 , -0.02164655904924009
0.1 , 0.25 , -0.027887454546604913
0.125 , 0.25 , -0.034112783479009694
0.15000000000000002 , 0.25 , -0.040314859463373875
0.17500000000000002 , 0.25 , -0.046486111250033976
0.2 , 0.25 , -0.052619119212964416
0.225 , 0.25 , -0.058706650265799944
0.25 , 0.25 , -0.06474169086336092
0.275 , 0.25 , -0.07071747778174592
0.30000000000000004 , 0.25 , -0.0766275264080622
0.325 , 0.25 , -0.08246565631253526
0.35000000000000003 , 0.25 , -0.08822601392003264
0.375 , 0.25 , -0.0939030921438843
0.4 , 0.25 , -0.09949174689121797
0.42500000000000004 , 0.25 , -0.1049872103948314
0.45 , 0.25 , -0.11038510137094114
0.47500000000000003 , 0.25 , -0.1156814320441214
0.5 , 0.25 , -0.12087261211963689
0.525 , 0.25 , -0.12595544981856643
0.55 , 0.25 , -0.13092715012213735
0.5750000000000001 , 0.25 , -0.13578531039821193
0.6000000000000001 , 0.25 , -0.14052791360469374
0.625 , 0.25 , -0.14515331928169045
0.65 , 0.25 , -0.14966025255664372
0.675 , 0.25 , -0.1540477913944805
0.7000000000000001 , 0.25 , -0.15831535232841426
0.7250000000000001 , 0.25 , -0.16246267490666128
0.75 , 0.25 , -0.1664898050864258
0.775 , 0.25 , -0.17039707779947844
0.8 , 0.25 , -0.2574761103496257
0.8250000000000001 , 0.25 , -0.2619598697973703
0.8500000000000001 , 0.25 , -0.26615453460609007
0.875 , 0.25 , -0.27007912968909326
0.9 , 0.25 , -0.2737516206523668
0.925 , 0.25 , -0.27718891774120247
0.9500000000000001 , 0.25 , -0.28040689403150676
0.9750000000000001 , 0.25 , -0.28342041438980947
1.0 , 0.25 , -0.286243372298803
0.0 , 0.275 , 0.0030675198507200824
0.025 , 0.275 , -0.0031733756466447403
0.05 , 0.275 , -0.009422073888749914
0.07500000000000001 , 0.275 , -0.015670772130855087
0.1 , 0.275 , -0.02191166762821991
0.125 , 0.275 , -0.02813699656062469
0.15000000000000002 , 0.275 , -0.03433907254498887
0.17500000000000002 , 0.275 , -0.04051032433164897
0.2 , 0.275 , -0.04664333229457941
0.225 , 0.275 , -0.05273086334741494
0.25 , 0.275 , -0.05876590394497591
0.275 , 0.275 , -0.06474169086336092
0.30000000000000004 , 0.275 , -0.0706517394896772
0.325 , 0.275 , -0.07648986939415026
0.35000000000000003 , 0.275 , -0.08225022700164764
0.375 , 0.275 , -0.0879273052254993
0.4 , 0.275 , -0.09351595997283296
0.42500000000000004 , 0.275 , -0.0990114234764464
0.45 , 0.275 , -0.10440931445255613
0.47500000000000003 , 0.275 , -0.1097056451257364
0.5 , 0.275 , -0.11489682520125188
0.525 , 0.275 , -0.11997966290018144
0.55 , 0.275 , -0.12495136320375234
0.5750000000000001 , 0.275 , -0.12980952347982694
0.6000000000000001 , 0.275 , -0.13455212668630873
0.625 , 0.275 , -0.13917753236330543
0.65 , 0.275 , -0.14368446563825873
0.675 , 0.275 , -0.14807200447609548
0.7000000000000001 , 0.275 , -0.15233956541002924
0.7250000000000001 , 0.275 , -0.15648688798827626
0.75 , 0.275 , -0.1605140181680408
0.775 , 0.275 , -0.16442129088109342
0.8 , 0.275 , -0.24604550135181713
0.8250000000000001 , 0.275 , -0.2505158960047913
0.8500000000000001 , 0.275 , -0.25469767354146317
0.875 , 0.275 , -0.2586098541548095
0.9 , 0.275 , -0.2622703971401664
0.925 , 0.275 , -0.2656962050670385
0.9500000000000001 , 0.275 , -0.2689031421785159
0.9750000000000001 , 0.275 , -0.27190606354216584
1.0 , 0.275 , -0.2747188520494108
0.0 , 0.30000000000000004 , 0.008977568477036367
0.025 , 0.30000000000000004 , 0.0027366729796715443
0.05 , 0.30000000000000004 , -0.003512025262433629
0.07500000000000001 , 0.30000000000000004 , -0.009760723504538802
0.1 , 0.30000000000000004 , -0.016001619001903625
0.125 , 0.30000000000000004 , -0.022226947934308405
0.15000000000000002 , 0.30000000000000004 , -0.02842902391867259
0.17500000000000002 , 0.30000000000000004 , -0.03460027570533268
0.2 , 0.30000000000000004 , -0.04073328366826313
0.225 , 0.30000000000000004 , -0.046820814721098655
0.25 , 0.30000000000000004 , -0.05285585531865963
0.275 , 0.30000000000000004 , -0.05883164223704463
0.30000000000000004 , 0.30000000000000004 , -0.06474169086336092
0.325 , 0.30000000000000004 , -0.07057982076783398
0.35000000000000003 , 0.30000000000000004 , -0.07634017837533136
0.375 , 0.30000000000000004 , -0.08201725659918302
0.4 , 0.30000000000000004 , -0.08760591134651668
0.42500000000000004 , 0.30000000000000004 , -0.09310137485013012
0.45 , 0.30000000000000004 , -0.09849926582623986
0.47500000000000003 , 0.30000000000000004 , -0.1037955964994201
0.5 , 0.30000000000000004 , -0.1089867765749356
0.525 , 0.30000000000000004 , -0.11406961427386517
0.55 , 0.30000000000000004 , -0.11904131457743605
0.5750000000000001 , 0.30000000000000004 , -0.12389947485351063
0.6000000000000001 , 0.30000000000000004 , -0.12864207805999245
0.625 , 0.30000000000000004 , -0.13326748373698916
0.65 , 0.30000000000000004 , -0.13777441701194246
0.675 , 0.30000000000000004 , -0.1421619558497792
0.7000000000000001 , 0.30000000000000004 , -0.14642951678371297
0.7250000000000001 , 0.30000000000000004 , -0.15057683936195998
0.75 , 0.30000000000000004 , -0.15460396954172453
0.775 , 0.30000000000000004 , -0.23033478753114556
0.8 , 0.30000000000000004 , -0.2351000465409518
0.8250000000000001 , 0.30000000000000004 , -0.23955710419401174
0.8500000000000001 , 0.30000000000000004 , -0.2437260241441907
0.875 , 0.30000000000000004 , -0.24762582150848877
0.9 , 0.30000000000000004 , -0.2512744489496759
0.925 , 0.30000000000000004 , -0.254688801071535
0.9500000000000001 , 0.30000000000000004 , -0.25788473302452386
0.9750000000000001 , 0.30000000000000004 , -0.260877089845614
1.0 , 0.30000000000000004 , -0.2636797436295518
0.0 , 0.325 , 0.014815698381509423
0.025 , 0.325 , 0.0085748028841446
0.05 , 0.325 , 0.0023261046420394275
0.07500000000000001 , 0.325 , -0.0039225936000657465
0.1 , 0.325 , -0.010163489097430567
0.125 , 0.325 , -0.01638881802983535
0.15000000000000002 , 0.325 , -0.022590894014199534
0.17500000000000002 , 0.325 , -0.028762145800859628
0.2 , 0.325 , -0.03489515376379007
0.225 , 0.325 , -0.0409826848166256
0.25 , 0.325 , -0.04701772541418657
0.275 , 0.325 , -0.052993512332571574
0.30000000000000004 , 0.325 , -0.05890356095888786
0.325 , 0.325 , -0.06474169086336092
0.35000000000000003 , 0.325 , -0.0705020484708583
0.375 , 0.325 , -0.07617912669470996
0.4 , 0.325 , -0.08176778144204362
0.42500000000000004 , 0.325 , -0.08726324494565706
0.45 , 0.325 , -0.0926611359217668
0.47500000000000003 , 0.325 , -0.09795746659494706
0.5 , 0.325 , -0.10314864667046254
0.525 , 0.325 , -0.1082314843693921
0.55 , 0.325 , -0.113203184672963
0.5750000000000001 , 0.325 , -0.11806134494903758
0.6000000000000001 , 0.325 , -0.12280394815551939
0.625 , 0.325 , -0.12742935383251608
0.65 , 0.325 , -0.1319362871074694
0.675 , 0.325 , -0.13632382594530612
0.7000000000000001 , 0.325 , -0.1405913868792399
0.7250000000000001 , 0.325 , -0.1447387094574869
0.75 , 0.325 , -0.21484080212380308
0.775 , 0.325 , -0.2199210602051629
0.8 , 0.325 , -0.22467252819234684
0.8250000000000001 , 0.325 , -0.22911627963311765
0.8500000000000001 , 0.325 , -0.2731810816345409
0.875 , 0.325 , -0.2766915659402187
0.9 , 0.325 , -0.27994219204834897
0.925 , 0.325 , -0.2829569574074377
0.9500000000000001 , 0.325 , -0.28575725617314685
0.9750000000000001 , 0.325 , -0.2883621778931733
1.0 , 0.325 , -0.290788774384433
0.0 , 0.35000000000000003 , 0.020576055989006803
0.025 , 0.35000000000000003 , 0.01433516049164198
0.05 , 0.35000000000000003 , 0.008086462249536807
0.07500000000000001 , 0.35000000000000003 , 0.001837764007431633
0.1 , 0.35000000000000003 , -0.004403131489933187
0.125 , 0.35000000000000003 , -0.01062846042233797
0.15000000000000002 , 0.35000000000000003 , -0.016830536406702155
0.17500000000000002 , 0.35000000000000003 , -0.02300178819336225
0.2 , 0.35000000000000003 , -0.02913479615629269
0.225 , 0.35000000000000003 , -0.03522232720912822
0.25 , 0.35000000000000003 , -0.04125736780668919
0.275 , 0.35000000000000003 , -0.047233154725074195
0.30000000000000004 , 0.35000000000000003 , -0.05314320335139048
0.325 , 0.35000000000000003 , -0.058981333255863536
0.35000000000000003 , 0.35000000000000003 , -0.06474169086336092
0.375 , 0.35000000000000003 , -0.07041876908721258
0.4 , 0.35000000000000003 , -0.07600742383454624
0.42500000000000004 , 0.35000000000000003 , -0.08150288733815968
0.45 , 0.35000000000000003 , -0.08690077831426941
0.47500000000000003 , 0.35000000000000003 , -0.09219710898744968
0.5 , 0.35000000000000003 , -0.09738828906296516
0.525 , 0.35000000000000003 , -0.10247112676189472
0.55 , 0.35000000000000003 , -0.10744282706546562
0.5750000000000001 , 0.35000000000000003 , -0.1123009873415402
0.6000000000000001 , 0.35000000000000003 , -0.117043590548022
0.625 , 0.35000000000000003 , -0.12166899622501871
0.65 , 0.35000000000000003 , -0.12617592949997203
0.675 , 0.35000000000000003 , -0.13056346833780874
0.7000000000000001 , 0.35000000000000003 , -0.1348310292717425
0.7250000000000001 , 0.35000000000000003 , -0.23671474491738048
0.75 , 0.35000000000000003 , -0.24201266449142136
0.775 , 0.35000000000000003 , -0.24687764964127945
0.8 , 0.35000000000000003 , -0.2513524636359167
0.8250000000000001 , 0.35000000000000003 , -0.2554752792093523
0.8500000000000001 , 0.35000000000000003 , -0.2592801314159304
0.875 , 0.35000000000000003 , -0.26279734705263197
0.9 , 0.35000000000000003 , -0.26605394412099115
0.925 , 0.35000000000000003 , -0.26907399815716415
0.9500000000000001 , 0.35000000000000003 , -0.27187897456221144
0.9750000000000001 , 0.35000000000000003 , -0.2744880275889061
1.0 , 0.35000000000000003 , -0.27691826759997357
0.0 , 0.375 , 0.026253134212858464
0.025 , 0.375 , 0.02001223871549364
0.05 , 0.375 , 0.013763540473388469
0.07500000000000001 , 0.375 , 0.0075148422312832945
0.1 , 0.375 , 0.0012739467339184744
0.125 , 0.375 , -0.004951382198486308
0.15000000000000002 , 0.375 , -0.011153458182850493
0.17500000000000002 , 0.375 , -0.017324709969510587
0.2 , 0.375 , -0.02345771793244103
0.225 , 0.375 , -0.029545248985276558
0.25 , 0.375 , -0.03558028958283753
0.275 , 0.375 , -0.04155607650122253
0.30000000000000004 , 0.375 , -0.04746612512753882
0.325 , 0.375 , -0.053304255032011874
0.35000000000000003 , 0.375 , -0.059064612639509254
0.375 , 0.375 , -0.06474169086336092
0.4 , 0.375 , -0.07033034561069458
0.42500000000000004 , 0.375 , -0.07582580911430802
0.45 , 0.375 , -0.08122370009041775
0.47500000000000003 , 0.375 , -0.08652003076359802
0.5 , 0.375 , -0.0917112108391135
0.525 , 0.375 , -0.09679404853804306
0.55 , 0.375 , -0.10176574884161396
0.5750000000000001 , 0.375 , -0.10662390911768854
0.6000000000000001 , 0.375 , -0.11136651232417034
0.625 , 0.375 , -0.11599191800116705
0.65 , 0.375 , -0.12049885127612035
0.675 , 0.375 , -0.1248863901139571
0.7000000000000001 , 0.375 , -0.12915395104789085
0.7250000000000001 , 0.375 , -0.22374792020242287
0.75 , 0.375 , -0.22905633815362034
0.775 , 0.375 , -0.23393065864723017
0.8 , 0.375 , -0.23841374896893225
0.8250000000000001 , 0.375 , -0.24254388137267935
0.8500000000000001 , 0.375 , -0.24635518471439216
0.875 , 0.375 , -0.24987807318733615
0.9 , 0.375 , -0.2531396454853079
0.925 , 0.375 , -0.2561640511090763
0.9500000000000001 , 0.375 , -0.2589728228620761
0.9750000000000001 , 0.375 , -0.26158517612709975
1.0 , 0.375 , -0.26401827649116427
0.0 , 0.4 , 0.03184178896019213
0.025 , 0.4 , 0.025600893462827307
0.05 , 0.4 , 0.019352195220722134
0.07500000000000001 , 0.4 , 0.013103496978616961
0.1 , 0.4 , 0.00686260148125214
0.125 , 0.4 , 6.372725488473577E-4
0.15000000000000002 , 0.4 , -0.005564803435516828
0.17500000000000002 , 0.4 , -0.011736055222176921
0.2 , 0.4 , -0.017869063185107364
0.225 , 0.4 , -0.023956594237942892
0.25 , 0.4 , -0.029991634835503864
0.275 , 0.4 , -0.03596742175388887
0.30000000000000004 , 0.4 , -0.04187747038020515
0.325 , 0.4 , -0.04771560028467821
0.35000000000000003 , 0.4 , -0.05347595789217559
0.375 , 0.4 , -0.05915303611602725
0.4 , 0.4 , -0.06474169086336092
0.42500000000000004 , 0.4 , -0.07023715436697435
0.45 , 0.4 , -0.07563504534308409
0.47500000000000003 , 0.4 , -0.08093137601626435
0.5 , 0.4 , -0.08612255609177984
0.525 , 0.4 , -0.0912053937907094
0.55 , 0.4 , -0.0961770940942803
0.5750000000000001 , 0.4 , -0.10103525437035488
0.6000000000000001 , 0.4 , -0.10577785757683668
0.625 , 0.4 , -0.11040326325383339
0.65 , 0.4 , -0.11491019652878669
0.675 , 0.4 , -0.11929773536662343
0.7000000000000001 , 0.4 , -0.2059468407972596
0.7250000000000001 , 0.4 , -0.21174791162163298
0.75 , 0.4 , -0.21706576708453607
0.775 , 0.4 , -0.22194843400266417
0.8 , 0.4 , -0.22643887868122428
0.8250000000000001 , 0.4 , -0.23057546811090646
0.8500000000000001 , 0.4 , -0.23439242042243968
0.875 , 0.4 , -0.2379202329575662
0.9 , 0.4 , -0.24118608114175366
0.925 , 0.4 , -0.2442141847653005
0.9500000000000001 , 0.4 , -0.24702614063600606
0.9750000000000001 , 0.4 , -0.2496412221330001
1.0 , 0.4 , -0.2520766471829346
0.0 , 0.42500000000000004 , 0.037337252463805565
0.025 , 0.42500000000000004 , 0.031096356966440742
0.05 , 0.42500000000000004 , 0.02484765872433557
0.07500000000000001 , 0.42500000000000004 , 0.018598960482230396
0.1 , 0.42500000000000004 , 0.012358064984865575
0.125 , 0.42500000000000004 , 0.006132736052460792
0.15000000000000002 , 0.42500000000000004 , -6.933993190339285E-5
0.17500000000000002 , 0.42500000000000004 , -0.006240591718563487
0.2 , 0.42500000000000004 , -0.01237359968149393
0.225 , 0.42500000000000004 , -0.018461130734329458
0.25 , 0.42500000000000004 , -0.02449617133189043
0.275 , 0.42500000000000004 , -0.030471958250275433
0.30000000000000004 , 0.42500000000000004 , -0.03638200687659172
0.325 , 0.42500000000000004 , -0.042220136781064774
0.35000000000000003 , 0.42500000000000004 , -0.04798049438856215
0.375 , 0.42500000000000004 , -0.053657572612413815
0.4 , 0.42500000000000004 , -0.05924622735974748
0.42500000000000004 , 0.42500000000000004 , -0.06474169086336092
0.45 , 0.42500000000000004 , -0.07013958183947065
0.47500000000000003 , 0.42500000000000004 , -0.07543591251265092
0.5 , 0.42500000000000004 , -0.0806270925881664
0.525 , 0.42500000000000004 , -0.08570993028709596
0.55 , 0.42500000000000004 , -0.09068163059066686
0.5750000000000001 , 0.42500000000000004 , -0.09553979086674144
0.6000000000000001 , 0.42500000000000004 , -0.10028239407322324
0.625 , 0.42500000000000004 , -0.10490779975021995
0.65 , 0.42500000000000004 , -0.10941473302517325
0.675 , 0.42500000000000004 , -0.18851903106899173
0.7000000000000001 , 0.42500000000000004 , -0.19486788734208768
0.7250000000000001 , 0.42500000000000004 , -0.20067876315494765
0.75 , 0.42500000000000004 , -0.20600529575566084
0.775 , 0.42500000000000004 , -0.2108956086198666
0.8 , 0.42500000000000004 , -0.21539276243289174
0.8250000000000001 , 0.42500000000000004 , -0.21953521448775337
0.8500000000000001 , 0.42500000000000004 , -0.22335726800623776
0.875 , 0.42500000000000004 , -0.22688949957009508
0.9 , 0.42500000000000004 , -0.2301591577127423
0.925 , 0.42500000000000004 , -0.23319052917385927
0.9500000000000001 , 0.42500000000000004 , -0.23600527170065783
0.9750000000000001 , 0.42500000000000004 , -0.2386227138658159
1.0 , 0.42500000000000004 , -0.2410601233791853
0.0 , 0.45 , 0.0427351434399153
0.025 , 0.45 , 0.036494247942550476
0.05 , 0.45 , 0.030245549700445306
0.07500000000000001 , 0.45 , 0.023996851458340133
0.1 , 0.45 , 0.01775595596097531
0.125 , 0.45 , 0.01153062702857053
0.15000000000000002 , 0.45 , 0.005328551044206344
0.17500000000000002 , 0.45 , -8.427007424537496E-4
0.2 , 0.45 , -0.006975708705384193
0.225 , 0.45 , -0.01306323975821972
0.25 , 0.45 , -0.019098280355780692
0.275 , 0.45 , -0.025074067274165696
0.30000000000000004 , 0.45 , -0.03098411590048198
0.325 , 0.45 , -0.03682224580495504
0.35000000000000003 , 0.45 , -0.042582603412452416
0.375 , 0.45 , -0.04825968163630408
0.4 , 0.45 , -0.05384833638363774
0.42500000000000004 , 0.45 , -0.05934379988725118
0.45 , 0.45 , -0.06474169086336092
0.47500000000000003 , 0.45 , -0.07003802153654118
0.5 , 0.45 , -0.07522920161205666
0.525 , 0.45 , -0.08031203931098622
0.55 , 0.45 , -0.08528373961455712
0.5750000000000001 , 0.45 , -0.0901418998906317
0.6000000000000001 , 0.45 , -0.0948845030971135
0.625 , 0.45 , -0.16373030788286566
0.65 , 0.45 , -0.17135304919949113
0.675 , 0.45 , -0.17831107842667415
0.7000000000000001 , 0.45 , -0.1846703093676852
0.7250000000000001 , 0.45 , -0.19049039588625816
0.75 , 0.45 , -0.19582506699950386
0.775 , 0.45 , -0.2007225383488414
0.8 , 0.45 , -0.20522596062163292
0.8250000000000001 , 0.45 , -0.20937387722935508
0.8500000000000001 , 0.45 , -0.21320067254447805
0.875 , 0.45 , -0.21673699871903815
0.9 , 0.45 , -0.2200101740064691
0.925 , 0.45 , -0.22304454898952408
0.9500000000000001 , 0.45 , -0.2258618395222648
0.9750000000000001 , 0.45 , -0.22848142679920033
1.0 , 0.45 , -0.23092062598657512
0.0 , 0.47500000000000003 , 0.048031474113095565
0.025 , 0.47500000000000003 , 0.04179057861573074
0.05 , 0.47500000000000003 , 0.03554188037362557
0.07500000000000001 , 0.47500000000000003 , 0.029293182131520396
0.1 , 0.47500000000000003 , 0.023052286634155573
0.125 , 0.47500000000000003 , 0.016826957701750793
0.15000000000000002 , 0.47500000000000003 , 0.010624881717386608
0.17500000000000002 , 0.47500000000000003 , 0.004453629930726514
0.2 , 0.47500000000000003 , -0.0016793780322039292
0.225 , 0.47500000000000003 , -0.007766909085039457
0.25 , 0.47500000000000003 , -0.013801949682600428
0.275 , 0.47500000000000003 , -0.019777736600985432
0.30000000000000004 , 0.47500000000000003 , -0.025687785227301717
0.325 , 0.47500000000000003 , -0.03152591513177477
0.35000000000000003 , 0.47500000000000003 , -0.03728627273927215
0.375 , 0.47500000000000003 , -0.042963350963123814
0.4 , 0.47500000000000003 , -0.04855200571045748
0.42500000000000004 , 0.47500000000000003 , -0.054047469214070915
0.45 , 0.47500000000000003 , -0.05944536019018065
0.47500000000000003 , 0.47500000000000003 , -0.06474169086336092
0.5 , 0.47500000000000003 , -0.0699328709388764
0.525 , 0.47500000000000003 , -0.07501570863780596
0.55 , 0.47500000000000003 , -0.07998740894137686
0.5750000000000001 , 0.47500000000000003 , -0.08484556921745144
0.6000000000000001 , 0.47500000000000003 , -0.14594833157748396
0.625 , 0.47500000000000003 , -0.15432183929337112
0.65 , 0.47500000000000003 , -0.16195692801977568
0.675 , 0.47500000000000003 , -0.16892603586890514
0.7000000000000001 , 0.47500000000000003 , -0.17529515166611642
0.7250000000000001 , 0.47500000000000003 , -0.18112401293628713
0.75 , 0.47500000000000003 , -0.18646643620067418
0.775 , 0.47500000000000003 , -0.19137072497393703
0.8 , 0.47500000000000003 , -0.19588011575035572
0.8250000000000001 , 0.47500000000000003 , -0.20003323404637738
0.8500000000000001 , 0.47500000000000003 , -0.203864541606445
0.875 , 0.47500000000000003 , -0.20740476263898064
0.9 , 0.47500000000000003 , -0.21068128188153756
0.925 , 0.47500000000000003 , -0.2137185108032839
0.9500000000000001 , 0.47500000000000003 , -0.21653822068072692
0.9750000000000001 , 0.47500000000000003 , -0.21915984290566198
1.0 , 0.47500000000000003 , -0.22160073792032248
0.0 , 0.5 , 0.05322265418861105
0.025 , 0.5 , 0.046981758691246225
0.05 , 0.5 , 0.04073306044914106
0.07500000000000001 , 0.5 , 0.03448436220703588
0.1 , 0.5 , 0.02824346670967106
0.125 , 0.5 , 0.02201813777726628
0.15000000000000002 , 0.5 , 0.015816061792902094
0.17500000000000002 , 0.5 , 0.009644810006242
0.2 , 0.5 , 0.003511802043311557
0.225 , 0.5 , -0.0025757290095239707
0.25 , 0.5 , -0.008610769607084942
0.275 , 0.5 , -0.014586556525469946
0.30000000000000004 , 0.5 , -0.02049660515178623
0.325 , 0.5 , -0.026334735056259287
0.35000000000000003 , 0.5 , -0.032095092663756666
0.375 , 0.5 , -0.03777217088760833
0.4 , 0.5 , -0.043360825634941993
0.42500000000000004 , 0.5 , -0.04885628913855543
0.45 , 0.5 , -0.054254180114665165
0.47500000000000003 , 0.5 , -0.05955051078784543
0.5 , 0.5 , -0.06474169086336092
0.525 , 0.5 , -0.06982452856229047
0.55 , 0.5 , -0.07479622886586137
0.5750000000000001 , 0.5 , -0.12808203545890573
0.6000000000000001 , 0.5 , -0.13728726400655653
0.625 , 0.5 , -0.14567388919740198
0.65 , 0.5 , -0.15332082645326417
0.675 , 0.5 , -0.16030057128715441
0.7000000000000001 , 0.5 , -0.1666791841789242
0.7250000000000001 , 0.5 , -0.1725164824554328
0.75 , 0.5 , -0.17786636604455539
0.775 , 0.5 , -0.18277722218362322
0.8 , 0.5 , -0.1872923691015342
0.8250000000000001 , 0.5 , -0.19145051051492146
0.8500000000000001 , 0.5 , -0.19528618186006677
0.875 , 0.5 , -0.19883017597940225
0.9 , 0.5 , -0.20210994094549284
0.925 , 0.5 , -0.20514994624101565
0.9500000000000001 , 0.5 , -0.2079720159624328
0.9750000000000001 , 0.5 , -0.21059562935516765
1.0 , 0.5 , -0.21303819003740593
0.0 , 0.525 , 0.05830549188754061
0.025 , 0.525 , 0.052064596390175785
0.05 , 0.525 , 0.04581589814807062
0.07500000000000001 , 0.525 , 0.03956719990596544
0.1 , 0.525 , 0.03332630440860062
0.125 , 0.525 , 0.02710097547619584
0.15000000000000002 , 0.525 , 0.020898899491831654
0.17500000000000002 , 0.525 , 0.01472764770517156
0.2 , 0.525 , 0.008594639742241117
0.225 , 0.525 , 0.002507108689405589
0.25 , 0.525 , -0.0035279319081553823
0.275 , 0.525 , -0.009503718826540386
0.30000000000000004 , 0.525 , -0.01541376745285667
0.325 , 0.525 , -0.021251897357329727
0.35000000000000003 , 0.525 , -0.027012254964827107
0.375 , 0.525 , -0.03268933318867877
0.4 , 0.525 , -0.038277987936012434
0.42500000000000004 , 0.525 , -0.04377345143962587
0.45 , 0.525 , -0.049171342415735605
0.47500000000000003 , 0.525 , -0.05446767308891587
0.5 , 0.525 , -0.059658853164431355
0.525 , 0.525 , -0.06474169086336092
0.55 , 0.525 , -0.10997982511956478
0.5750000000000001 , 0.525 , -0.1201037898767786
0.6000000000000001 , 0.525 , -0.1293228829418733
0.625 , 0.525 , -0.1377221267550267
0.65 , 0.525 , -0.14538047090958986
0.675 , 0.525 , -0.15237046602694965
0.7000000000000001 , 0.525 , -0.15875824107187098
0.7250000000000001 , 0.525 , -0.16460368947154652
0.75 , 0.525 , -0.1699607905877813
0.775 , 0.525 , -0.1748780113290215
0.8 , 0.525 , -0.17939874766549915
0.8250000000000001 , 0.525 , -0.18356177767310833
0.8500000000000001 , 0.525 , -0.18740170685247315
0.875 , 0.525 , -0.19094939330221408
0.9 , 0.525 , -0.19423234531972344
0.925 , 0.525 , -0.19727508756345563
0.9500000000000001 , 0.525 , -0.20009949438017594
0.9750000000000001 , 0.525 , -0.2027250905568099
1.0 , 0.525 , -0.205169320818421
0.0 , 0.55 , 0.06327719219111151
0.025 , 0.55 , 0.057036296693746685
0.05 , 0.55 , 0.05078759845164152
0.07500000000000001 , 0.55 , 0.04453890020953634
0.1 , 0.55 , 0.03829800471217152
0.125 , 0.55 , 0.03207267577976674
0.15000000000000002 , 0.55 , 0.025870599795402554
0.17500000000000002 , 0.55 , 0.01969934800874246
0.2 , 0.55 , 0.013566340045812017
0.225 , 0.55 , 0.007478808992976489
0.25 , 0.55 , 0.0014437683954155178
0.275 , 0.55 , -0.004532018522969486
0.30000000000000004 , 0.55 , -0.01044206714928577
0.325 , 0.55 , -0.016280197053758827
0.35000000000000003 , 0.55 , -0.022040554661256206
0.375 , 0.55 , -0.027717632885107868
0.4 , 0.55 , -0.033306287632441534
0.42500000000000004 , 0.55 , -0.03880175113605497
0.45 , 0.55 , -0.044199642112164705
0.47500000000000003 , 0.55 , -0.04949597278534497
0.5 , 0.55 , -0.07926113231163079
0.525 , 0.55 , -0.09148665104720458
0.55 , 0.55 , -0.10262151542797185
0.5750000000000001 , 0.55 , -0.11276000150036233
0.6000000000000001 , 0.55 , -0.12199242204708186
0.625 , 0.55 , -0.13040380429388032
0.65 , 0.55 , -0.1380731312967743
0.675 , 0.55 , -0.14507300670228698
0.7000000000000001 , 0.55 , -0.15146962495440808
0.7250000000000001 , 0.55 , -0.15732295200476093
0.75 , 0.55 , -0.16268704277069795
0.775 , 0.55 , -0.1676104398491332
0.8 , 0.55 , -0.17213661300713332
0.8250000000000001 , 0.55 , -0.17630441087207455
0.8500000000000001 , 0.55 , -0.18014850540267852
0.875 , 0.55 , -0.18369981658835102
0.9 , 0.55 , -0.18698590984718677
0.925 , 0.55 , -0.19003136217734243
0.9500000000000001 , 0.55 , -0.19285809560501785
0.9750000000000001 , 0.55 , -0.19548567814360177
1.0 , 0.55 , -0.1979315935522305
0.0 , 0.5750000000000001 , 0.06813535246718609
0.025 , 0.5750000000000001 , 0.061894456969821265
0.05 , 0.5750000000000001 , 0.0556457587277161
0.07500000000000001 , 0.5750000000000001 , 0.04939706048561092
0.1 , 0.5750000000000001 , 0.0431561649882461
0.125 , 0.5750000000000001 , 0.03693083605584132
0.15000000000000002 , 0.5750000000000001 , 0.030728760071477134
0.17500000000000002 , 0.5750000000000001 , 0.02455750828481704
0.2 , 0.5750000000000001 , 0.018424500321886597
0.225 , 0.5750000000000001 , 0.01233696926905107
0.25 , 0.5750000000000001 , 0.006301928671490098
0.275 , 0.5750000000000001 , 3.261417531050942E-4
0.30000000000000004 , 0.5750000000000001 , -0.0055839068732111904
0.325 , 0.5750000000000001 , -0.011422036777684247
0.35000000000000003 , 0.5750000000000001 , -0.017182394385181626
0.375 , 0.5750000000000001 , -0.022859472609033288
0.4 , 0.5750000000000001 , -0.028448127356366953
0.42500000000000004 , 0.5750000000000001 , -0.03394359085998039
0.45 , 0.5750000000000001 , -0.039341481836090125
0.47500000000000003 , 0.5750000000000001 , -0.059017941159022175
0.5 , 0.5750000000000001 , -0.07244724171074482
0.525 , 0.5750000000000001 , -0.08468881339628853
0.55 , 0.5750000000000001 , -0.09583870453553914
0.5750000000000001 , 0.5750000000000001 , -0.10599110969140599
0.6000000000000001 , 0.5750000000000001 , -0.11523631055150421
0.625 , 0.5750000000000001 , -0.12365934063070044
0.65 , 0.5750000000000001 , -0.13133921596165918
0.675 , 0.5750000000000001 , -0.13834859130998933
0.7000000000000001 , 0.5750000000000001 , -0.14475372373005013
0.7250000000000001 , 0.5750000000000001 , -0.15061464822408027
0.75 , 0.5750000000000001 , -0.15598549145943055
0.775 , 0.5750000000000001 , -0.16091486778752614
0.8 , 0.5750000000000001 , -0.1654463168569007
0.8250000000000001 , 0.5750000000000001 , -0.1696187540522166
0.8500000000000001 , 0.5750000000000001 , -0.17346691418550614
0.875 , 0.5750000000000001 , -0.1770217757637716
0.9 , 0.5750000000000001 , -0.1803109582070309
0.925 , 0.5750000000000001 , -0.18335908799749034
0.9500000000000001 , 0.5750000000000001 , -0.18618813224697417
0.9750000000000001 , 0.5750000000000001 , -0.18881769985522978
1.0 , 0.5750000000000001 , -0.1912653115164455
0.0 , 0.6000000000000001 , 0.0728779556736679
0.025 , 0.6000000000000001 , 0.06663706017630307
0.05 , 0.6000000000000001 , 0.0603883619341979
0.07500000000000001 , 0.6000000000000001 , 0.05413966369209272
0.1 , 0.6000000000000001 , 0.0478987681947279
0.125 , 0.6000000000000001 , 0.04167343926232312
0.15000000000000002 , 0.6000000000000001 , 0.03547136327795894
0.17500000000000002 , 0.6000000000000001 , 0.029300111491298842
0.2 , 0.6000000000000001 , 0.0231671035283684
0.225 , 0.6000000000000001 , 0.01707957247553287
0.25 , 0.6000000000000001 , 0.0110445318779719
0.275 , 0.6000000000000001 , 0.005068744959586896
0.30000000000000004 , 0.6000000000000001 , -8.413036667293886E-4
0.325 , 0.6000000000000001 , -0.006679433571202445
0.35000000000000003 , 0.6000000000000001 , -0.012439791178699824
0.375 , 0.6000000000000001 , -0.018116869402551486
0.4 , 0.6000000000000001 , -0.02370552414988515
0.42500000000000004 , 0.6000000000000001 , -0.02187893432621063
0.45 , 0.6000000000000001 , -0.03798062477299116
0.47500000000000003 , 0.6000000000000001 , -0.05270942157093597
0.5 , 0.6000000000000001 , -0.06615489757877405
0.525 , 0.6000000000000001 , -0.07841179609379609
0.55 , 0.6000000000000001 , -0.0895760307039552
0.5750000000000001 , 0.6000000000000001 , -0.0997417224653187
0.6000000000000001 , 0.6000000000000001 , -0.10899912642094407
0.625 , 0.6000000000000001 , -0.1174332841055255
0.65 , 0.6000000000000001 , -0.1251232442293662
0.675 , 0.6000000000000001 , -0.13214171092017998
0.7000000000000001 , 0.6000000000000001 , -0.1385550010884029
0.7250000000000001 , 0.6000000000000001 , -0.14442321539716094
0.75 , 0.6000000000000001 , -0.1498005485160719
0.775 , 0.6000000000000001 , -0.15473568265275583
0.8 , 0.6000000000000001 , -0.15927222343912006
0.8250000000000001 , 0.6000000000000001 , -0.16344914922525333
0.8500000000000001 , 0.6000000000000001 , -0.1673012540621251
0.875 , 0.6000000000000001 , -0.17085957158223292
0.9 , 0.6000000000000001 , -0.17415177206270555
0.925 , 0.6000000000000001 , -0.17720252858283012
0.9500000000000001 , 0.6000000000000001 , -0.1800338507111712
0.9750000000000001 , 0.6000000000000001 , -0.18266538585613945
1.0 , 0.6000000000000001 , -0.18511468950884843
0.0 , 0.625 , 0.0775033613506646
0.025 , 0.625 , 0.07126246585329978
0.05 , 0.625 , 0.06501376761119461
0.07500000000000001 , 0.625 , 0.05876506936908943
0.1 , 0.625 , 0.05252417387172461
0.125 , 0.625 , 0.04629884493931983
0.15000000000000002 , 0.625 , 0.04009676895495565
0.17500000000000002 , 0.625 , 0.033925517168295546
0.2 , 0.625 , 0.027792509205365107
0.225 , 0.625 , 0.02170497815252958
0.25 , 0.625 , 0.015669937554968608
0.275 , 0.625 , 0.009694150636583604
0.30000000000000004 , 0.625 , 0.0037841020102673192
0.325 , 0.625 , -0.002054027894205737
0.35000000000000003 , 0.625 , -0.007814385501703117
0.375 , 0.625 , 0.020644770636166127
0.4 , 0.625 , 0.0015603410352867664
0.42500000000000004 , 0.625 , -0.016009804528813898
0.45 , 0.625 , -0.03212783643617559
0.47500000000000003 , 0.625 , -0.04687263294651517
0.5 , 0.625 , -0.06033348453928375
0.525 , 0.625 , -0.07260494041767232
0.55 , 0.625 , -0.08378279209319336
0.5750000000000001 , 0.625 , -0.09396109532514497
0.6000000000000001 , 0.625 , -0.10323008317307057
0.625 , 0.625 , -0.11167480710489652
0.65 , 0.625 , -0.11937434836247607
0.675 , 0.625 , -0.12640145880197148
0.7000000000000001 , 0.625 , -0.13282251253092608
0.7250000000000001 , 0.625 , -0.13869767255340046
0.75 , 0.625 , -0.14408119784066703
0.775 , 0.625 , -0.14902183458571536
0.8 , 0.625 , -0.1535632505165662
0.8250000000000001 , 0.625 , -0.1577444831538353
0.8500000000000001 , 0.625 , -0.16160038215867542
0.875 , 0.625 , -0.1651620328735038
0.9 , 0.625 , -0.16845715325713692
0.925 , 0.625 , -0.17151046006290893
0.9500000000000001 , 0.625 , -0.17434400264714198
0.9750000000000001 , 0.625 , -0.17697746450627302
1.0 , 0.625 , -0.1794284337454148
0.0 , 0.65 , -0.16520816902848903
0.025 , 0.65 , 0.07576939912825308
0.05 , 0.65 , 0.06952070088614791
0.07500000000000001 , 0.65 , 0.06327200264404273
0.1 , 0.65 , 0.05703110714667791
0.125 , 0.65 , 0.05080577821427313
0.15000000000000002 , 0.65 , 0.04460370222990895
0.17500000000000002 , 0.65 , 0.03843245044324885
0.2 , 0.65 , 0.03229944248031841
0.225 , 0.65 , 0.02621191142748288
0.25 , 0.65 , 0.02017687082992191
0.275 , 0.65 , 0.014201083911536905
0.30000000000000004 , 0.65 , -0.21738102616455487
0.325 , 0.65 , 0.06897535032414216
0.35000000000000003 , 0.65 , 0.046767571478010916
0.375 , 0.65 , 0.026116717433156522
0.4 , 0.65 , 0.00701726593066157
0.42500000000000004 , 0.65 , -0.01056836812016207
0.45 , 0.65 , -0.026701889974014473
0.47500000000000003 , 0.65 , -0.04146182286791872
0.5 , 0.65 , -0.054937199395339795
0.525 , 0.65 , -0.06722239286163795
0.55 , 0.65 , -0.07841308551803261
0.5750000000000001 , 0.65 , -0.08860327619969356
0.6000000000000001 , 0.65 , -0.09788318079786398
0.625 , 0.65 , -0.10633786276607476
0.65 , 0.65 , -0.11404643585146076
0.675 , 0.65 , -0.1210816981038931
0.7000000000000001 , 0.65 , -0.12751007824689575
0.7250000000000001 , 0.65 , -0.13339179836318818
0.75 , 0.65 , -0.13878117806417387
0.775 , 0.65 , -0.14372702367983792
0.8 , 0.65 , -0.14827306115496428
0.8250000000000001 , 0.65 , -0.1524583833812661
0.8500000000000001 , 0.65 , -0.15631789198635615
0.875 , 0.65 , -0.15988272058343594
0.9 , 0.65 , -0.16318063160709986
0.925 , 0.65 , -0.1662363825257527
0.9500000000000001 , 0.65 , -0.16907205977437115
0.9750000000000001 , 0.65 , -0.1717073804735812
1.0 , 0.65 , -0.17415996311422136
0.0 , 0.675 , 0.4377205935576244
0.025 , 0.675 , -0.17031308618103402
0.05 , 0.675 , -0.17469252963108708
0.07500000000000001 , 0.675 , -0.17905190551056926
0.1 , 0.675 , -0.18348287528063467
0.125 , 0.675 , -0.1880082283613559
0.15000000000000002 , 0.675 , -0.1925972875405998
0.17500000000000002 , 0.675 , -0.19718277982852891
0.2 , 0.675 , -0.2016793731022492
0.225 , 0.675 , -0.2060032596206964
0.25 , 0.675 , -0.2100910495623455
0.275 , 0.675 , -0.21391504005624515
0.30000000000000004 , 0.675 , -0.21749126375754696
0.325 , 0.675 , 0.0740839504371344
0.35000000000000003 , 0.675 , 0.05186442255185306
0.375 , 0.675 , 0.03120025056237874
0.4 , 0.675 , 0.012086559480630227
0.42500000000000004 , 0.675 , -0.005513699164101771
0.45 , 0.675 , -0.02166180452964328
0.47500000000000003 , 0.675 , -0.0364359563369136
0.5 , 0.675 , -0.04992495378078882
0.525 , 0.675 , -0.06222301250883666
0.55 , 0.675 , -0.0734257184038658
0.5750000000000001 , 0.675 , -0.08362702184249834
0.6000000000000001 , 0.675 , -0.09291712646150366
0.625 , 0.675 , -0.10138110984822285
0.65 , 0.675 , -0.10909811831609882
0.675 , 0.675 , -0.11614099464917321
0.7000000000000001 , 0.675 , -0.12257621966709133
0.7250000000000001 , 0.675 , -0.12846407131570395
0.75 , 0.675 , -0.13385892621755227
0.775 , 0.675 , -0.13880964701042886
0.8 , 0.675 , -0.14336001398359657
0.8250000000000001 , 0.675 , -0.1475491715967727
0.8500000000000001 , 0.675 , -0.15141206978736263
0.875 , 0.675 , -0.15497988697940837
0.9 , 0.675 , -0.15828042685003918
0.925 , 0.675 , -0.16133848459112196
0.9500000000000001 , 0.675 , -0.1641761809703574
0.9750000000000001 , 0.675 , -0.16681326422867504
1.0 , 0.675 , -0.16926738097194235
0.0 , 0.7000000000000001 , 0.4397329958648972
0.025 , 0.7000000000000001 , -0.1706931027365473
0.05 , 0.7000000000000001 , -0.1750528807061443
0.07500000000000001 , 0.7000000000000001 , -0.1793854690753645
0.1 , 0.7000000000000001 , -0.1837850730546819
0.125 , 0.7000000000000001 , -0.18827687351157865
0.15000000000000002 , 0.7000000000000001 , -0.19283217319116208
0.17500000000000002 , 0.7000000000000001 , -0.19738506767935174
0.2 , 0.7000000000000001 , -0.20185080789256693
0.225 , 0.7000000000000001 , -0.20614522120417958
0.25 , 0.7000000000000001 , -0.21020349624161516
0.275 , 0.7000000000000001 , -0.21399550170114687
0.30000000000000004 , 0.7000000000000001 , -0.21753416104053072
0.325 , 0.7000000000000001 , 0.0788392250155717
0.35000000000000003 , 0.7000000000000001 , 0.05660848334014501
0.375 , 0.7000000000000001 , 0.03593170782019833
0.4 , 0.7000000000000001 , 0.016804617628308677
0.42500000000000004 , 0.7000000000000001 , -8.093452980738047E-4
0.45 , 0.7000000000000001 , -0.01697107275614204
0.47500000000000003 , 0.7000000000000001 , -0.031758472260491444
0.5 , 0.7000000000000001 , -0.045260133978286626
0.525 , 0.7000000000000001 , -0.05757013408608866
0.55 , 0.7000000000000001 , -0.06878397498350895
0.5750000000000001 , 0.7000000000000001 , -0.07899556707917199
0.6000000000000001 , 0.7000000000000001 , -0.08829510671329571
0.625 , 0.7000000000000001 , -0.09676768780857598
0.65 , 0.7000000000000001 , -0.10449248936097802
0.675 , 0.7000000000000001 , -0.11154239748100844
0.7000000000000001 , 0.7000000000000001 , -0.11798394260963997
0.7250000000000001 , 0.7000000000000001 , -0.12387745537663525
0.75 , 0.7000000000000001 , -0.12927736581329619
0.775 , 0.7000000000000001 , -0.1342325890527956
0.8 , 0.7000000000000001 , -0.13878695586384676
0.8250000000000001 , 0.7000000000000001 , -0.1429796584695207
0.8500000000000001 , 0.7000000000000001 , -0.1468456914508579
0.875 , 0.7000000000000001 , -0.15041627456634854
0.9 , 0.7000000000000001 , -0.15371924947999674
0.925 , 0.7000000000000001 , -0.15677944608810282
0.9500000000000001 , 0.7000000000000001 , -0.15961901671364212
0.9750000000000001 , 0.7000000000000001 , -0.16225773817917266
1.0 , 0.7000000000000001 , -0.16471328289757992
0.0 , 0.7250000000000001 , 0.4416479777423937
0.025 , 0.7250000000000001 , -0.17096563632772133
0.05 , 0.7250000000000001 , -0.1753083969449108
0.07500000000000001 , 0.7250000000000001 , -0.17961819146673255
0.1 , 0.7250000000000001 , -0.18399133996810793
0.125 , 0.7250000000000001 , -0.18845511115013988
0.15000000000000002 , 0.7250000000000001 , -0.19298259011854038
0.17500000000000002 , 0.7250000000000001 , -0.1975091270975256
0.2 , 0.7250000000000001 , -0.20195050800130301
0.225 , 0.7250000000000001 , -0.20622220152641604
0.25 , 0.7250000000000001 , -0.2102580240184511
0.275 , 0.7250000000000001 , -0.21402548773354532
0.30000000000000004 , 0.7250000000000001 , -0.21753446619800668
0.325 , 0.7250000000000001 , -0.22083637707233816
0.35000000000000003 , 0.7250000000000001 , 0.061031891230894336
0.375 , 0.7250000000000001 , 0.04034328649507292
0.4 , 0.7250000000000001 , 0.021203694700433096
0.42500000000000004 , 0.7250000000000001 , 0.0035770024954728252
0.45 , 0.7250000000000001 , -0.012597332881232631
0.47500000000000003 , 0.7250000000000001 , -0.027396957736499
0.5 , 0.7250000000000001 , -0.04091027735916991
0.525 , 0.7250000000000001 , -0.053231246495602375
0.55 , 0.7250000000000001 , -0.06445529686145493
0.5750000000000001 , 0.7250000000000001 , -0.07467630734702989
0.6000000000000001 , 0.7250000000000001 , -0.083984471944862
0.625 , 0.7250000000000001 , -0.09246490312620013
0.65 , 0.7250000000000001 , -0.10019681270926595
0.675 , 0.7250000000000001 , -0.10725312875199447
0.7000000000000001 , 0.7250000000000001 , -0.11370042887085882
0.7250000000000001 , 0.7250000000000001 , -0.11959909322625933
0.75 , 0.7250000000000001 , -0.12500360167671115
0.775 , 0.7250000000000001 , -0.1299629180528842
0.8 , 0.7250000000000001 , -0.13452091974568997
0.8250000000000001 , 0.7250000000000001 , -0.13871684293790812
0.8500000000000001 , 0.7250000000000001 , -0.14258572318261253
0.875 , 0.7250000000000001 , -0.14615881808497966
0.9 , 0.7250000000000001 , -0.14946400402357438
0.925 , 0.7250000000000001 , -0.15252614255885022
0.9500000000000001 , 0.7250000000000001 , -0.15536741476645324
0.9750000000000001 , 0.7250000000000001 , -0.15800762348350783
1.0 , 0.7250000000000001 , -0.16046446459091346
0.0 , 0.75 , 0.4434828177606663
0.025 , 0.75 , -0.1711551045746842
0.05 , 0.75 , -0.17548334456662662
0.07500000000000001 , 0.75 , -0.17977401418131783
0.1 , 0.75 , -0.18412517698477332
0.125 , 0.75 , -0.1885659238719355
0.15000000000000002 , 0.75 , -0.19307094757198254
0.17500000000000002 , 0.75 , -0.1975767509079925
0.2 , 0.75 , -0.2019996108794929
0.225 , 0.75 , -0.20625464248646255
0.25 , 0.75 , -0.21027433494361092
0.275 , 0.75 , -0.21402391244402794
0.30000000000000004 , 0.75 , -0.21751025902590282
0.325 , 0.75 , -0.2207816492895959
0.35000000000000003 , 0.75 , 0.06516301644416725
0.375 , 0.75 , 0.0444634147675354
0.4 , 0.75 , 0.02531227331420685
0.42500000000000004 , 0.75 , 0.007673878368490233
0.45 , 0.75 , -0.008512001598390773
0.47500000000000003 , 0.75 , -0.023322782265859238
0.5 , 0.75 , -0.03684670787351113
0.525 , 0.75 , -0.04917762954438783
0.55 , 0.75 , -0.06041092094775974
0.5750000000000001 , 0.75 , -0.07064043780111216
0.6000000000000001 , 0.75 , -0.07995637663766594
0.625 , 0.75 , -0.08844387066143843
0.65 , 0.75 , -0.09618216464505011
0.675 , 0.75 , -0.10324422722055474
0.7000000000000001 , 0.75 , -0.10969668074696307
0.7250000000000001 , 0.75 , -0.11559995177750074
0.75 , 0.75 , -0.12100856643121669
0.775 , 0.75 , -0.12597153345055762
0.8 , 0.75 , -0.13053277299955263
0.8250000000000001 , 0.75 , -0.13473156142055645
0.8500000000000001 , 0.75 , -0.13860297156570228
0.875 , 0.75 , -0.14217829539291882
0.9 , 0.75 , -0.1454854407123303
0.925 , 0.75 , -0.14854929769347427
0.9500000000000001 , 0.75 , -0.15139207334365043
0.9750000000000001 , 0.75 , -0.1540335939259535
1.0 , 0.75 , -0.15649157642613964
0.0 , 0.775 , 0.44525034166077804
0.025 , 0.775 , -0.17128031406969346
0.05 , 0.775 , -0.17559643725043367
0.07500000000000001 , 0.775 , -0.17987139289331988
0.1 , 0.775 , -0.18420466695649673
0.125 , 0.775 , -0.18862694161754864
0.15000000000000002 , 0.775 , -0.1931143649473852
0.17500000000000002 , 0.775 , -0.19760450362582732
0.2 , 0.775 , -0.20201408830575798
0.225 , 0.775 , -0.2062578866345581
0.25 , 0.775 , -0.21026710388699574
0.275 , 0.775 , -0.2140047420025028
0.30000000000000004 , 0.775 , -0.2174747565460895
0.325 , 0.775 , -0.22072229788647857
0.35000000000000003 , 0.775 , 0.06902684278653491
0.375 , 0.775 , 0.04831713160501537
0.4 , 0.775 , 0.029155443472194953
0.42500000000000004 , 0.775 , 0.011506419952507868
0.45 , 0.775 , -0.004689896429913465
0.47500000000000003 , 0.775 , -0.019510720790064218
0.5 , 0.775 , -0.03304415973462718
0.525 , 0.775 , -0.04538397825352056
0.55 , 0.775 , -0.05662550437376149
0.5750000000000001 , 0.775 , -0.06686257882097338
0.6000000000000001 , 0.775 , -0.07618540544751065
0.625 , 0.775 , -0.08467914030605794
0.65 , 0.775 , -0.09242306121781366
0.675 , 0.775 , -0.09949017599874314
0.7000000000000001 , 0.775 , -0.10594714931421546
0.7250000000000001 , 0.775 , -0.11185445097726324
0.75 , 0.775 , -0.11726664980939402
0.775 , 0.775 , -0.1222327956885258
0.8 , 0.775 , -0.12679684771091038
0.8250000000000001 , 0.775 , -0.13099811858399732
0.8500000000000001 , 0.775 , -0.13487171478837806
0.875 , 0.775 , -0.13844895913954822
0.9 , 0.775 , -0.14175778759126045
0.925 , 0.775 , -0.1448231158585923
0.9500000000000001 , 0.775 , -0.14766717404772375
0.9750000000000001 , 0.775 , -0.15030980924442214
1.0 , 0.775 , -0.1527687571588661
0.0 , 0.8 , 0.44696009162943684
0.025 , 0.8 , -0.17135580903403674
0.05 , 0.8 , -0.17566216433804546
0.07500000000000001 , 0.8 , -0.17992460839293445
0.1 , 0.8 , -0.1842437723550063
0.125 , 0.8 , -0.18865173023776613
0.15000000000000002 , 0.8 , -0.19312595464676588
0.17500000000000002 , 0.8 , -0.19760500120684332
0.2 , 0.8 , -0.20200602467832068
0.225 , 0.8 , -0.20624345480489867
0.25 , 0.8 , -0.21024725571373282
0.275 , 0.8 , -0.213978271169162
0.30000000000000004 , 0.8 , -0.2174375894747949
0.325 , 0.8 , -0.22066726109928678
0.35000000000000003 , 0.8 , 0.0726453382820221
0.375 , 0.8 , 0.05192645702280596
0.4 , 0.8 , 0.03275527250209928
0.42500000000000004 , 0.8 , 0.015096738017023825
0.45 , 0.8 , -0.0011088663185856995
0.47500000000000003 , 0.8 , -0.01593858450916741
0.5 , 0.8 , -0.029480408446175915
0.525 , 0.8 , -0.04182803408247249
0.55 , 0.8 , -0.05307675590600677
0.5750000000000001 , 0.8 , -0.06332040760976114
0.6000000000000001 , 0.8 , -0.07264920498663141
0.625 , 0.8 , -0.08114832894776745
0.65 , 0.8 , -0.08889709038973681
0.675 , 0.8 , -0.09596853488315935
0.7000000000000001 , 0.8 , -0.10242936694439797
0.7250000000000001 , 0.8 , -0.10834009650725765
0.75 , 0.8 , -0.11375533153964705
0.775 , 0.8 , -0.11872415928488281
0.8 , 0.8 , -0.12329057393824494
0.8250000000000001 , 0.8 , -0.12749392078506813
0.8500000000000001 , 0.8 , -0.13136933626939726
0.875 , 0.8 , -0.1349481705722822
0.9 , 0.8 , -0.1382583845035303
0.925 , 0.8 , -0.14132491625763346
0.9500000000000001 , 0.8 , -0.1441700162014054
0.9750000000000001 , 0.8 , -0.14681354963179172
1.0 , 0.8 , -0.14927326859228235
0.0 , 0.8250000000000001 , 0.4486190890867994
0.025 , 0.8250000000000001 , -0.17139287706187517
0.05 , 0.8250000000000001 , -0.17569178196428864
0.07500000000000001 , 0.8250000000000001 , -0.17994474422657852
0.1 , 0.8250000000000001 , -0.1842533014100299
0.125 , 0.8250000000000001 , -0.18865074829779513
0.15000000000000002 , 0.8250000000000001 , -0.1931157714452545
0.17500000000000002 , 0.8250000000000001 , -0.1975878543477815
0.2 , 0.8250000000000001 , -0.20198455499416354
0.225 , 0.8250000000000001 , -0.20621997892615934
0.25 , 0.8250000000000001 , -0.2102228926360121
0.275 , 0.8250000000000001 , -0.2139520447118755
0.30000000000000004 , 0.8250000000000001 , -0.21740571735945247
0.325 , 0.8250000000000001 , -0.22062288960482843
0.35000000000000003 , 0.8250000000000001 , 0.0760378047656994
0.375 , 0.8250000000000001 , 0.05531074163095796
0.4 , 0.8250000000000001 , 0.03613115459835414
0.42500000000000004 , 0.8250000000000001 , 0.018464266038879296
0.45 , 0.8250000000000001 , 0.002250557994497915
0.47500000000000003 , 0.8250000000000001 , -0.012586871189164267
0.5 , 0.8250000000000001 , -0.026135921027922365
0.525 , 0.8250000000000001 , -0.03849023506752705
0.55 , 0.8250000000000001 , -0.04974508599596808
0.5750000000000001 , 0.8250000000000001 , -0.05999430815730314
0.6000000000000001 , 0.8250000000000001 , -0.06932813370475098
0.625 , 0.8250000000000001 , -0.07783177027562033
0.65 , 0.8250000000000001 , -0.08558456177297702
0.675 , 0.8250000000000001 , -0.09265959003228164
0.7000000000000001 , 0.8250000000000001 , -0.09912359693062697
0.7250000000000001 , 0.8250000000000001 , -0.10503712936668297
0.75 , 0.8250000000000001 , -0.11045483089386784
0.775 , 0.8250000000000001 , -0.11542582235345702
0.8 , 0.8250000000000001 , -0.11999412921326312
0.8250000000000001 , 0.8250000000000001 , -0.12419912555760704
0.8500000000000001 , 0.8250000000000001 , -0.12807597413719707
0.875 , 0.8250000000000001 , -0.1316560490136074
0.9 , 0.8250000000000001 , -0.13496733257017893
0.925 , 0.8250000000000001 , -0.13803478241742675
0.9500000000000001 , 0.8250000000000001 , -0.1408806663448182
0.9750000000000001 , 0.8250000000000001 , -0.14352486524678715
1.0 , 0.8250000000000001 , -0.14598514510448043
0.0 , 0.8500000000000001 , 0.45023232416718584
0.025 , 0.8500000000000001 , -0.17140030478165225
0.05 , 0.8500000000000001 , -0.17569405833781948
0.07500000000000001 , 0.8500000000000001 , -0.17994042157639162
0.1 , 0.8500000000000001 , -0.18424163336605198
0.125 , 0.8500000000000001 , -0.18863206376188338
0.15000000000000002 , 0.8500000000000001 , -0.193091521565255
0.17500000000000002 , 0.8500000000000001 , -0.19756037060621245
0.2 , 0.8500000000000001 , -0.20195656026481437
0.225 , 0.8500000000000001 , -0.20619389057286733
0.25 , 0.8500000000000001 , -0.21019997541488414
0.275 , 0.8500000000000001 , -0.21393153061850648
0.30000000000000004 , 0.8500000000000001 , -0.21738409323328725
0.325 , 0.8500000000000001 , -0.22059360234241662
0.35000000000000003 , 0.8500000000000001 , 0.07922120044990792
0.375 , 0.8500000000000001 , 0.05848698935409957
0.4 , 0.8500000000000001 , 0.03930013373204219
0.42500000000000004 , 0.8500000000000001 , 0.021626083331213575
0.45 , 0.8500000000000001 , 0.005405487339344844
0.47500000000000003 , 0.8500000000000001 , -0.009438441537761827
0.5 , 0.8500000000000001 , -0.022993532128642497
0.525 , 0.8500000000000001 , -0.035353391669183665
0.55 , 0.8500000000000001 , -0.04661328236378895
0.5750000000000001 , 0.8500000000000001 , -0.05686704656558769
0.6000000000000001 , 0.8500000000000001 , -0.06620493696440505
0.625 , 0.8500000000000001 , -0.0747121896152681
0.65 , 0.8500000000000001 , -0.08246818123627775
0.675 , 0.8500000000000001 , -0.08954602835668735
0.7000000000000001 , 0.8500000000000001 , -0.09601250767385108
0.7250000000000001 , 0.8500000000000001 , -0.10192819986775142
0.75 , 0.8500000000000001 , -0.10734778050457913
0.775 , 0.8500000000000001 , -0.11232040025481835
0.8 , 0.8500000000000001 , -0.11689011203754365
0.8250000000000001 , 0.8500000000000001 , -0.12109631496595652
0.8500000000000001 , 0.8500000000000001 , -0.12497419445086144
0.875 , 0.8500000000000001 , -0.12855514495948694
0.9 , 0.8500000000000001 , -0.13186716717528446
0.925 , 0.8500000000000001 , -0.13493523506881844
0.9500000000000001 , 0.8500000000000001 , -0.1377816310196169
0.9750000000000001 , 0.8500000000000001 , -0.14042624890912156
1.0 , 0.8500000000000001 , -0.14288686626150518
0.0 , 0.875 , 0.45180305890143707
0.025 , 0.875 , -0.17138494988771644
0.05 , 0.875 , -0.17567583842307716
0.07500000000000001 , 0.875 , -0.179918355977291
0.1 , 0.875 , -0.18421526732696675
0.125 , 0.875 , -0.1886018953610385
0.15000000000000002 , 0.875 , -0.19305909697858487
0.17500000000000002 , 0.875 , -0.19752808188323645
0.2 , 0.875 , -0.20192718816568497
0.225 , 0.875 , -0.20616993448409782
0.25 , 0.875 , -0.2101828292123158
0.275 , 0.875 , -0.213920617619938
0.30000000000000004 , 0.875 , -0.21737615218458772
0.325 , 0.875 , -0.22058236571462883
0.35000000000000003 , 0.875 , -0.2236053335134779
0.375 , 0.875 , 0.06147015060727089
0.4 , 0.875 , 0.04227719712526126
0.42500000000000004 , 0.875 , 0.0245972088429465
0.45 , 0.875 , 0.008370968261323358
0.47500000000000003 , 0.875 , -0.006478224702340635
0.5 , 0.875 , -0.02003814915938057
0.525 , 0.875 , -0.03240239153910732
0.55 , 0.875 , -0.04366621440180324
0.5750000000000001 , 0.875 , -0.05392347509537085
0.6000000000000001 , 0.875 , -0.0632644507400034
0.625 , 0.875 , -0.07177440729197537
0.65 , 0.875 , -0.0795327539449581
0.675 , 0.875 , -0.08661264025003365
0.7000000000000001 , 0.875 , -0.09308087511941306
0.7250000000000001 , 0.875 , -0.09899806979265512
0.75 , 0.875 , -0.10441892825709441
0.775 , 0.875 , -0.10939262723818446
0.8 , 0.875 , -0.11396324328835687
0.8250000000000001 , 0.875 , -0.11817019678837366
0.8500000000000001 , 0.875 , -0.12204869217423545
0.875 , 0.875 , -0.12563014085668173
0.9 , 0.875 , -0.12894255855836784
0.925 , 0.875 , -0.13201093256539248
0.9500000000000001 , 0.875 , -0.13485755702462465
0.9750000000000001 , 0.875 , -0.1375023362020278
1.0 , 0.875 , -0.13996305677615964
0.0 , 0.9 , 0.45333300254569975
0.025 , 0.9 , -0.17135217734616062
0.05 , 0.9 , -0.17564247495544416
0.07500000000000001 , 0.9 , -0.17988378225334706
0.1 , 0.9 , -0.18417924083726048
0.125 , 0.9 , -0.1885650248427246
0.15000000000000002 , 0.9 , -0.19302298142030969
0.17500000000000002 , 0.9 , -0.1974951442186764
0.2 , 0.9 , -0.2019002464654967
0.225 , 0.9 , -0.2061515552833522
0.25 , 0.9 , -0.21017452308058307
0.275 , 0.9 , -0.21392198682484165
0.30000000000000004 , 0.9 , -0.2173841745299322
0.325 , 0.9 , -0.2205910478450384
0.35000000000000003 , 0.9 , -0.2236059265852456
0.375 , 0.9 , 0.0642733854531452
0.4 , 0.9 , 0.04507553875421272
0.42500000000000004 , 0.9 , 0.02739086503314886
0.45 , 0.9 , 0.011160247285932345
0.47500000000000003 , 0.9 , -0.0036929536018768527
0.5 , 0.9 , -0.017256487214950877
0.525 , 0.9 , -0.029623934029265886
0.55 , 0.9 , -0.040890567273803746
0.5750000000000001 , 0.9 , -0.05115026586174584
0.6000000000000001 , 0.9 , -0.06049333491880868
0.625 , 0.9 , -0.06900507154838198
0.65 , 0.9 , -0.07676491690849613
0.675 , 0.9 , -0.08384605178065645
0.7000000000000001 , 0.9 , -0.09031531460758671
0.7250000000000001 , 0.9 , -0.09623334391834397
0.75 , 0.9 , -0.10165486850394434
0.775 , 0.9 , -0.10662908736079185
0.8 , 0.9 , -0.11120009685800056
0.8250000000000001 , 0.9 , -0.11540733489095037
0.8500000000000001 , 0.9 , -0.11928602129856639
0.875 , 0.9 , -0.12286758098770517
0.9 , 0.9 , -0.12618004147467096
0.925 , 0.9 , -0.12924840033148177
0.9500000000000001 , 0.9 , -0.13209496066338022
0.9750000000000001 , 0.9 , -0.1347396345305406
1.0 , 0.9 , -0.1372002153876277
0.0 , 0.925 , 0.36021898788711676
0.025 , 0.925 , -0.1713061943623737
0.05 , 0.925 , -0.17559815975543705
0.07500000000000001 , 0.925 , -0.1798407812025391
0.1 , 0.925 , -0.18413745148206123
0.125 , 0.925 , -0.18852511331085095
0.15000000000000002 , 0.925 , -0.19298656139123935
0.17500000000000002 , 0.925 , -0.19746464335191993
0.2 , 0.925 , -0.20187850293834603
0.225 , 0.925 , -0.2061411913962056
0.25 , 0.925 , -0.2101771574058245
0.275 , 0.925 , -0.2139373921241615
0.30000000000000004 , 0.925 , -0.21740955861922973
0.325 , 0.925 , -0.22062068333674573
0.35000000000000003 , 0.925 , -0.22363132120463186
0.375 , 0.925 , 0.06690829768124795
0.4 , 0.925 , 0.04770679378001849
0.42500000000000004 , 0.925 , 0.030018712678475834
0.45 , 0.925 , 0.013785006122199961
0.47500000000000003 , 0.925 , -0.0010709293139807008
0.5 , 0.925 , -0.0146368330432953
0.525 , 0.925 , -0.027006293740474918
0.55 , 0.925 , -0.03827460504399363
0.5750000000000001 , 0.925 , -0.04853567354839494
0.6000000000000001 , 0.925 , -0.05787983560837734
0.625 , 0.925 , -0.06639242045538128
0.65 , 0.925 , -0.07415290050688166
0.675 , 0.925 , -0.08123448584672766
0.7000000000000001 , 0.925 , -0.08770404167174142
0.7250000000000001 , 0.925 , -0.09362223047242374
0.75 , 0.925 , -0.09904380219347647
0.775 , 0.925 , -0.10401797430418114
0.8 , 0.925 , -0.10858885917259677
0.8250000000000001 , 0.925 , -0.1127959084634594
0.8500000000000001 , 0.925 , -0.11667435380954402
0.875 , 0.925 , -0.12025563018274413
0.9 , 0.925 , -0.12356777366513666
0.925 , 0.925 , -0.12663578910284728
0.9500000000000001 , 0.925 , -0.129481985767603
0.9750000000000001 , 0.925 , -0.13212628093927326
1.0 , 0.925 , -0.1345864724845323
0.0 , 0.9500000000000001 , 0.3593026418014856
0.025 , 0.9500000000000001 , 0.35018198958843816
0.05 , 0.9500000000000001 , -0.17554618008674822
0.07500000000000001 , 0.9500000000000001 , -0.17979253243938137
0.1 , 0.9500000000000001 , -0.18409290569228517
0.125 , 0.9500000000000001 , -0.18848494572324354
0.15000000000000002 , 0.9500000000000001 , -0.19295236618332096
0.17500000000000002 , 0.9500000000000001 , -0.1974388301129236
0.2 , 0.9500000000000001 , -0.2018639158932072
0.225 , 0.9500000000000001 , -0.20614050039085982
0.25 , 0.9500000000000001 , -0.2101920836278582
0.275 , 0.9500000000000001 , -0.2139678737864194
0.30000000000000004 , 0.9500000000000001 , -0.21745302779937106
0.325 , 0.9500000000000001 , -0.2206716731825397
0.35000000000000003 , 0.9500000000000001 , -0.2236815937230912
0.375 , 0.9500000000000001 , 0.06938514158568786
0.4 , 0.9500000000000001 , 0.05018124565660509
0.42500000000000004 , 0.9500000000000001 , 0.03249105833631086
0.45 , 0.9500000000000001 , 0.01625556950112378
0.47500000000000003 , 0.9500000000000001 , 0.001398187153583974
0.5 , 0.9500000000000001 , -0.012168836417379647
0.525 , 0.9500000000000001 , -0.024539111489863624
0.55 , 0.9500000000000001 , -0.03580796123946128
0.5750000000000001 , 0.9500000000000001 , -0.04606932556815094
0.6000000000000001 , 0.9500000000000001 , -0.055413574901307716
0.625 , 0.9500000000000001 , -0.06392607128958297
0.65 , 0.9500000000000001 , -0.07168631749121265
0.675 , 0.9500000000000001 , -0.07876755081181391
0.7000000000000001 , 0.9500000000000001 , -0.08523666032169061
0.7250000000000001 , 0.9500000000000001 , -0.09115432907777796
0.75 , 0.9500000000000001 , -0.09657532448960418
0.775 , 0.9500000000000001 , -0.10154887868307177
0.8 , 0.9500000000000001 , -0.10611911620405223
0.8250000000000001 , 0.9500000000000001 , -0.11032549874817876
0.8500000000000001 , 0.9500000000000001 , -0.11420326614648332
0.875 , 0.9500000000000001 , -0.11778386002232677
0.9 , 0.9500000000000001 , -0.12109532181526594
0.925 , 0.9500000000000001 , -0.12416266065396833
0.9500000000000001 , 0.9500000000000001 , -0.12700818920467127
0.9750000000000001 , 0.9500000000000001 , -0.1296518274113434
1.0 , 0.9500000000000001 , -0.13211137520606434
0.0 , 0.9750000000000001 , 0.3581491813900932
0.025 , 0.9750000000000001 , 0.3491375067772394
0.05 , 0.9750000000000001 , -0.17548911820863322
0.07500000000000001 , 0.9750000000000001 , -0.17974151129356059
0.1 , 0.9750000000000001 , -0.1840479124649726
0.125 , 0.9750000000000001 , -0.18844662113044855
0.15000000000000002 , 0.9750000000000001 , -0.1929222544366879
0.17500000000000002 , 0.9750000000000001 , -0.1974193031134752
0.2 , 0.9750000000000001 , -0.20185781277313408
0.225 , 0.9750000000000001 , -0.20615053318307885
0.25 , 0.9750000000000001 , -0.21022007366438866
0.275 , 0.9750000000000001 , -0.2140139226524217
0.30000000000000004 , 0.9750000000000001 , -0.2175147889221742
0.325 , 0.9750000000000001 , -0.22074393719414462
0.35000000000000003 , 0.9750000000000001 , -0.2237563761666007
0.375 , 0.9750000000000001 , 0.07171300365756632
0.4 , 0.9750000000000001 , 0.052508008115122726
0.42500000000000004 , 0.9750000000000001 , 0.03481703664668265
0.45 , 0.9750000000000001 , 0.018581087816059022
0.47500000000000003 , 0.9750000000000001 , 0.0037235578578733997
0.5 , 0.9750000000000001 , -0.009843326774363503
0.525 , 0.9750000000000001 , -0.02221321057748213
0.55 , 0.9750000000000001 , -0.033481454741638994
0.5750000000000001 , 0.9750000000000001 , -0.043742037580309284
0.6000000000000001 , 0.9750000000000001 , -0.05308536602243147
0.625 , 0.9750000000000001 , -0.06159683531688781
0.65 , 0.9750000000000001 , -0.06935597741212066
0.675 , 0.9750000000000001 , -0.07643605458812743
0.7000000000000001 , 0.9750000000000001 , -0.08290397679285474
0.7250000000000001 , 0.9750000000000001 , -0.0888204441795006
0.75 , 0.9750000000000001 , -0.09424023788886089
0.775 , 0.9750000000000001 , -0.09921260086514697
0.8 , 0.9750000000000001 , -0.10378166600526062
0.8250000000000001 , 0.9750000000000001 , -0.10798690130312898
0.8500000000000001 , 0.9750000000000001 , -0.11186355120602975
0.875 , 0.9750000000000001 , -0.11544306059365894
0.9 , 0.9750000000000001 , -0.11875347307591541
0.925 , 0.9750000000000001 , -0.1218197990947491
0.9500000000000001 , 0.9750000000000001 , -0.12466435196127944
0.9750000000000001 , 0.9750000000000001 , -0.12730705174958812
1.0 , 0.9750000000000001 , -0.1297656981309251
0.0 , 1.0 , 0.3567617800661102
0.025 , 1.0 , 0.3478545146175435
0.05 , 1.0 , -0.1754290075285273
0.07500000000000001 , 1.0 , -0.1796896429828708
0.1 , 1.0 , -0.18400423506468544
0.125 , 1.0 , -0.18841170160486698
0.15000000000000002 , 1.0 , -0.19289756009003375
0.17500000000000002 , 1.0 , -0.19740715153321123
0.2 , 1.0 , -0.2018610295612625
0.225 , 1.0 , -0.20617186978555932
0.25 , 1.0 , -0.21026145165619647
0.275 , 1.0 , -0.21407560747336726
0.30000000000000004 , 1.0 , -0.21759465486072943
0.325 , 1.0 , -0.22083703133309213
0.35000000000000003 , 1.0 , -0.22385496812854352
0.375 , 1.0 , 0.0738999615840781
0.4 , 1.0 , 0.054695184407690514
0.42500000000000004 , 1.0 , 0.037004769846688684
0.45 , 1.0 , 0.02076969692984476
0.47500000000000003 , 1.0 , 0.0059133280381518105
0.5 , 1.0 , -0.007652152774935556
0.525 , 1.0 , -0.020020436013702403
0.55 , 1.0 , -0.03128692867710034
0.5750000000000001 , 1.0 , -0.04154565204367397
0.6000000000000001 , 1.0 , -0.05088705154597378
0.625 , 1.0 , -0.05939655567812846
0.65 , 1.0 , -0.06715372418028148
0.675 , 1.0 , -0.07423184187988452
0.7000000000000001 , 1.0 , -0.08069783648164724
0.7250000000000001 , 1.0 , -0.08661242168236497
0.75 , 1.0 , -0.09203038857060161
0.775 , 1.0 , -0.09700098704501026
0.8 , 1.0 , -0.10156835451901636
0.8250000000000001 , 1.0 , -0.10577196155717858
0.8500000000000001 , 1.0 , -0.10964705365460523
0.875 , 1.0 , -0.11322507557138425
0.9 , 1.0 , -0.1165340699230977
0.925 , 1.0 , -0.11959904551979147
0.9500000000000001 , 1.0 , -0.12244231359227709
0.9750000000000001 , 1.0 , -0.1250837918347092
1.0 , 1.0 , -0.12754127735413978