0.0 , 0.0 , 0.12329070864332661
0.025 , 0.0 , 0.13404647915608922
0.05 , 0.0 , 0.14459762919903252
0.07500000000000001 , 0.0 , 0.15493713760658273
0.1 , 0.0 , 0.1650587799786909
0.125 , 0.0 , 0.17495712409315858
0.15000000000000002 , 0.0 , 0.1846275201569868
0.17500000000000002 , 0.0 , 0.19406608629387123
0.2 , 0.0 , 0.2032696896972115
0.225 , 0.0 , 0.21223592390090296
0.25 , 0.0 , 0.22096308263411318
0.275 , 0.0 , 0.2294501307317619
0.30000000000000004 , 0.0 , 0.23769667257020932
0.325 , 0.0 , 0.245702918488522
0.35000000000000003 , 0.0 , 0.25346964964048163
0.375 , 0.0 , 0.26099818170215905
0.4 , 0.0 , 0.26829032783529605
0.42500000000000004 , 0.0 , 0.27534836127884144
0.45 , 0.0 , 0.282174977910632
0.47500000000000003 , 0.0 , 0.2887732590892149
0.5 , 0.0 , 0.2951466350529187
0.525 , 0.0 , 0.3012988491201669
0.55 , 0.0 , 0.30723392290227297
0.5750000000000001 , 0.0 , 0.3129561227080654
0.6000000000000001 , 0.0 , 0.31846992728907714
0.625 , 0.0 , 0.3237799970450315
0.65 , 0.0 , 0.3288911447822221
0.675 , 0.0 , 0.33380830809229756
0.7000000000000001 , 0.0 , 0.3385365233960515
0.7250000000000001 , 0.0 , 0.3430809016761317
0.75 , 0.0 , 0.3474466059041417
0.775 , 0.0 , 0.3516388301513812
0.8 , 0.0 , 0.3556627803583844
0.8250000000000001 , 0.0 , 0.35952365672638825
0.8500000000000001 , 0.0 , 0.36322663768376584
0.875 , 0.0 , 0.3667768653721744
0.9 , 0.0 , 0.37017943259054975
0.925 , 0.0 , 0.373439371129975
0.9500000000000001 , 0.0 , 0.37656164142872844
0.9750000000000001 , 0.0 , 0.37955112347430664
1.0 , 0.0 , 0.38241260887779954
0.0 , 0.025 , 0.1268551011543369
0.025 , 0.025 , 0.1376108716670995
0.05 , 0.025 , 0.14816202171004283
0.07500000000000001 , 0.025 , 0.15850153011759305
0.1 , 0.025 , 0.1686231724897012
0.125 , 0.025 , 0.17852151660416887
0.15000000000000002 , 0.025 , 0.18819191266799712
0.17500000000000002 , 0.025 , 0.19763047880488155
0.2 , 0.025 , 0.2068340822082218
0.225 , 0.025 , 0.21580031641191327
0.25 , 0.025 , 0.2245274751451235
0.275 , 0.025 , 0.23301452324277222
0.30000000000000004 , 0.025 , 0.24126106508121964
0.325 , 0.025 , 0.2492673109995323
0.35000000000000003 , 0.025 , 0.25703404215149195
0.375 , 0.025 , 0.26456257421316937
0.4 , 0.025 , 0.27185472034630637
0.42500000000000004 , 0.025 , 0.27891275378985175
0.45 , 0.025 , 0.2857393704216423
0.47500000000000003 , 0.025 , 0.29233765160022523
0.5 , 0.025 , 0.29871102756392903
0.525 , 0.025 , 0.30486324163117723
0.55 , 0.025 , 0.3107983154132833
0.5750000000000001 , 0.025 , 0.3165205152190757
0.6000000000000001 , 0.025 , 0.32203431980008745
0.625 , 0.025 , 0.32734438955604184
0.65 , 0.025 , 0.3324555372932324
0.675 , 0.025 , 0.3373727006033079
0.7000000000000001 , 0.025 , 0.3421009159070618
0.7250000000000001 , 0.025 , 0.346645294187142
0.75 , 0.025 , 0.35101099841515204
0.775 , 0.025 , 0.3552032226623915
0.8 , 0.025 , 0.3592271728693947
0.8250000000000001 , 0.025 , 0.36308804923739857
0.8500000000000001 , 0.025 , 0.36679103019477616
0.875 , 0.025 , 0.3703412578831847
0.9 , 0.025 , 0.37374382510156007
0.925 , 0.025 , 0.3770037636409853
0.9500000000000001 , 0.025 , 0.38012603393973876
0.9750000000000001 , 0.025 , 0.38311551598531696
1.0 , 0.025 , 0.38597700138880986
0.0 , 0.05 , 0.1304312163509015
0.025 , 0.05 , 0.1411869868636641
0.05 , 0.05 , 0.15173813690660742
0.07500000000000001 , 0.05 , 0.16207764531415764
0.1 , 0.05 , 0.1721992876862658
0.125 , 0.05 , 0.18209763180073346
0.15000000000000002 , 0.05 , 0.1917680278645617
0.17500000000000002 , 0.05 , 0.20120659400144614
0.2 , 0.05 , 0.2104101974047864
0.225 , 0.05 , 0.21937643160847786
0.25 , 0.05 , 0.2281035903416881
0.275 , 0.05 , 0.2365906384393368
0.30000000000000004 , 0.05 , 0.24483718027778423
0.325 , 0.05 , 0.2528434261960969
0.35000000000000003 , 0.05 , 0.26061015734805654
0.375 , 0.05 , 0.26813868940973395
0.4 , 0.05 , 0.27543083554287096
0.42500000000000004 , 0.05 , 0.28248886898641634
0.45 , 0.05 , 0.2893154856182069
0.47500000000000003 , 0.05 , 0.2959137667967898
0.5 , 0.05 , 0.3022871427604936
0.525 , 0.05 , 0.3084393568277418
0.55 , 0.05 , 0.3143744306098479
0.5750000000000001 , 0.05 , 0.3200966304156403
0.6000000000000001 , 0.05 , 0.32561043499665204
0.625 , 0.05 , 0.3309205047526064
0.65 , 0.05 , 0.336031652489797
0.675 , 0.05 , 0.34094881579987246
0.7000000000000001 , 0.05 , 0.3456770311036264
0.7250000000000001 , 0.05 , 0.3502214093837066
0.75 , 0.05 , 0.35458711361171663
0.775 , 0.05 , 0.3587793378589561
0.8 , 0.05 , 0.3628032880659593
0.8250000000000001 , 0.05 , 0.36666416443396316
0.8500000000000001 , 0.05 , 0.37036714539134075
0.875 , 0.05 , 0.3739173730797493
0.9 , 0.05 , 0.37731994029812466
0.925 , 0.05 , 0.3805798788375499
0.9500000000000001 , 0.05 , 0.38370214913630335
0.9750000000000001 , 0.05 , 0.38669163118188155
1.0 , 0.05 , 0.38955311658537445
0.0 , 0.07500000000000001 , 0.13401870789403145
0.025 , 0.07500000000000001 , 0.14477447840679405
0.05 , 0.07500000000000001 , 0.15532562844973735
0.07500000000000001 , 0.07500000000000001 , 0.16566513685728756
0.1 , 0.07500000000000001 , 0.17578677922939573
0.125 , 0.07500000000000001 , 0.18568512334386342
0.15000000000000002 , 0.07500000000000001 , 0.19535551940769164
0.17500000000000002 , 0.07500000000000001 , 0.20479408554457607
0.2 , 0.07500000000000001 , 0.21399768894791632
0.225 , 0.07500000000000001 , 0.2229639231516078
0.25 , 0.07500000000000001 , 0.23169108188481802
0.275 , 0.07500000000000001 , 0.24017812998246674
0.30000000000000004 , 0.07500000000000001 , 0.24842467182091416
0.325 , 0.07500000000000001 , 0.2564309177392268
0.35000000000000003 , 0.07500000000000001 , 0.26419764889118647
0.375 , 0.07500000000000001 , 0.2717261809528639
0.4 , 0.07500000000000001 , 0.2790183270860009
0.42500000000000004 , 0.07500000000000001 , 0.28607636052954627
0.45 , 0.07500000000000001 , 0.29290297716133684
0.47500000000000003 , 0.07500000000000001 , 0.29950125833991975
0.5 , 0.07500000000000001 , 0.30587463430362355
0.525 , 0.07500000000000001 , 0.31202684837087175
0.55 , 0.07500000000000001 , 0.3179619221529778
0.5750000000000001 , 0.07500000000000001 , 0.3236841219587702
0.6000000000000001 , 0.07500000000000001 , 0.32919792653978197
0.625 , 0.07500000000000001 , 0.33450799629573635
0.65 , 0.07500000000000001 , 0.3396191440329269
0.675 , 0.07500000000000001 , 0.3445363073430024
0.7000000000000001 , 0.07500000000000001 , 0.34926452264675634
0.7250000000000001 , 0.07500000000000001 , 0.35380890092683653
0.75 , 0.07500000000000001 , 0.35817460515484656
0.775 , 0.07500000000000001 , 0.36236682940208603
0.8 , 0.07500000000000001 , 0.3663907796090892
0.8250000000000001 , 0.07500000000000001 , 0.3702516559770931
0.8500000000000001 , 0.07500000000000001 , 0.3739546369344707
0.875 , 0.07500000000000001 , 0.37750486462287924
0.9 , 0.07500000000000001 , 0.3809074318412546
0.925 , 0.07500000000000001 , 0.38416737038067983
0.9500000000000001 , 0.07500000000000001 , 0.3872896406794333
0.9750000000000001 , 0.07500000000000001 , 0.3902791227250115
1.0 , 0.07500000000000001 , 0.3931406081285044
0.0 , 0.1 , 0.1376172246702101
0.025 , 0.1 , 0.1483729951829727
0.05 , 0.1 , 0.158924145225916
0.07500000000000001 , 0.1 , 0.1692636536334662
0.1 , 0.1 , 0.17938529600557437
0.125 , 0.1 , 0.18928364012004206
0.15000000000000002 , 0.1 , 0.19895403618387028
0.17500000000000002 , 0.1 , 0.2083926023207547
0.2 , 0.1 , 0.21759620572409497
0.225 , 0.1 , 0.22656243992778644
0.25 , 0.1 , 0.23528959866099666
0.275 , 0.1 , 0.24377664675864538
0.30000000000000004 , 0.1 , 0.25202318859709283
0.325 , 0.1 , 0.2600294345154055
0.35000000000000003 , 0.1 , 0.2677961656673651
0.375 , 0.1 , 0.27532469772904256
0.4 , 0.1 , 0.28261684386217956
0.42500000000000004 , 0.1 , 0.28967487730572494
0.45 , 0.1 , 0.29650149393751546
0.47500000000000003 , 0.1 , 0.3030997751160984
0.5 , 0.1 , 0.3094731510798022
0.525 , 0.1 , 0.3156253651470504
0.55 , 0.1 , 0.3215604389291564
0.5750000000000001 , 0.1 , 0.3272826387349489
0.6000000000000001 , 0.1 , 0.3327964433159606
0.625 , 0.1 , 0.33810651307191497
0.65 , 0.1 , 0.34321766080910554
0.675 , 0.1 , 0.34813482411918106
0.7000000000000001 , 0.1 , 0.35286303942293495
0.7250000000000001 , 0.1 , 0.3574074177030152
0.75 , 0.1 , 0.3617731219310252
0.775 , 0.1 , 0.3659653461782647
0.8 , 0.1 , 0.3699892963852679
0.8250000000000001 , 0.1 , 0.3738501727532717
0.8500000000000001 , 0.1 , 0.37755315371064935
0.875 , 0.1 , 0.38110338139905786
0.9 , 0.1 , 0.38450594861743326
0.925 , 0.1 , 0.38776588715685845
0.9500000000000001 , 0.1 , 0.3908881574556119
0.9750000000000001 , 0.1 , 0.39387763950119015
1.0 , 0.1 , 0.396739124904683
0.0 , 0.125 , 0.14122641091652807
0.025 , 0.125 , 0.15198218142929068
0.05 , 0.125 , 0.16253333147223398
0.07500000000000001 , 0.125 , 0.1728728398797842
0.1 , 0.125 , 0.18299448225189235
0.125 , 0.125 , 0.19289282636636004
0.15000000000000002 , 0.125 , 0.20256322243018826
0.17500000000000002 , 0.125 , 0.2120017885670727
0.2 , 0.125 , 0.22120539197041295
0.225 , 0.125 , 0.23017162617410442
0.25 , 0.125 , 0.23889878490731464
0.275 , 0.125 , 0.24738583300496336
0.30000000000000004 , 0.125 , 0.2556323748434108
0.325 , 0.125 , 0.26363862076172345
0.35000000000000003 , 0.125 , 0.2714053519136831
0.375 , 0.125 , 0.2789338839753605
0.4 , 0.125 , 0.2862260301084975
0.42500000000000004 , 0.125 , 0.2932840635520429
0.45 , 0.125 , 0.30011068018383347
0.47500000000000003 , 0.125 , 0.3067089613624164
0.5 , 0.125 , 0.3130823373261202
0.525 , 0.125 , 0.31923455139336837
0.55 , 0.125 , 0.32516962517547443
0.5750000000000001 , 0.125 , 0.33089182498126685
0.6000000000000001 , 0.125 , 0.3364056295622786
0.625 , 0.125 , 0.341715699318233
0.65 , 0.125 , 0.34682684705542355
0.675 , 0.125 , 0.351744010365499
0.7000000000000001 , 0.125 , 0.35647222566925296
0.7250000000000001 , 0.125 , 0.36101660394933316
0.75 , 0.125 , 0.3653823081773432
0.775 , 0.125 , 0.36957453242458266
0.8 , 0.125 , 0.37359848263158585
0.8250000000000001 , 0.125 , 0.3774593589995897
0.8500000000000001 , 0.125 , 0.3811623399569673
0.875 , 0.125 , 0.38471256764537587
0.9 , 0.125 , 0.3881151348637512
0.925 , 0.125 , 0.39137507340317645
0.9500000000000001 , 0.125 , 0.3944973437019299
0.9750000000000001 , 0.125 , 0.3974868257475081
1.0 , 0.125 , 0.400348311151001
0.0 , 0.15000000000000002 , 0.14484590634988204
0.025 , 0.15000000000000002 , 0.15560167686264464
0.05 , 0.15000000000000002 , 0.16615282690558794
0.07500000000000001 , 0.15000000000000002 , 0.17649233531313815
0.1 , 0.15000000000000002 , 0.18661397768524632
0.125 , 0.15000000000000002 , 0.196512321799714
0.15000000000000002 , 0.15000000000000002 , 0.20618271786354223
0.17500000000000002 , 0.15000000000000002 , 0.21562128400042666
0.2 , 0.15000000000000002 , 0.2248248874037669
0.225 , 0.15000000000000002 , 0.23379112160745838
0.25 , 0.15000000000000002 , 0.2425182803406686
0.275 , 0.15000000000000002 , 0.25100532843831735
0.30000000000000004 , 0.15000000000000002 , 0.2592518702767648
0.325 , 0.15000000000000002 , 0.26725811619507744
0.35000000000000003 , 0.15000000000000002 , 0.275024847347037
0.375 , 0.15000000000000002 , 0.2825533794087145
0.4 , 0.15000000000000002 , 0.2898455255418515
0.42500000000000004 , 0.15000000000000002 , 0.2969035589853969
0.45 , 0.15000000000000002 , 0.3037301756171874
0.47500000000000003 , 0.15000000000000002 , 0.31032845679577037
0.5 , 0.15000000000000002 , 0.31670183275947417
0.525 , 0.15000000000000002 , 0.32285404682672236
0.55 , 0.15000000000000002 , 0.32878912060882837
0.5750000000000001 , 0.15000000000000002 , 0.33451132041462084
0.6000000000000001 , 0.15000000000000002 , 0.34002512499563253
0.625 , 0.15000000000000002 , 0.3453351947515869
0.65 , 0.15000000000000002 , 0.3504463424887775
0.675 , 0.15000000000000002 , 0.355363505798853
0.7000000000000001 , 0.15000000000000002 , 0.3600917211026069
0.7250000000000001 , 0.15000000000000002 , 0.36463609938268715
0.75 , 0.15000000000000002 , 0.3690018036106971
0.775 , 0.15000000000000002 , 0.37319402785793665
0.8 , 0.15000000000000002 , 0.37721797806493984
0.8250000000000001 , 0.15000000000000002 , 0.38107885443294365
0.8500000000000001 , 0.15000000000000002 , 0.3847818353903213
0.875 , 0.15000000000000002 , 0.3883320630787298
0.9 , 0.15000000000000002 , 0.3917346302971052
0.925 , 0.15000000000000002 , 0.3949945688365304
0.9500000000000001 , 0.15000000000000002 , 0.39811683913528384
0.9750000000000001 , 0.15000000000000002 , 0.4011063211808621
1.0 , 0.15000000000000002 , 0.40396780658435494
0.0 , 0.17500000000000002 , 0.14847534630015066
0.025 , 0.17500000000000002 , 0.15923111681291327
0.05 , 0.17500000000000002 , 0.16978226685585657
0.07500000000000001 , 0.17500000000000002 , 0.18012177526340678
0.1 , 0.17500000000000002 , 0.19024341763551494
0.125 , 0.17500000000000002 , 0.20014176174998263
0.15000000000000002 , 0.17500000000000002 , 0.20981215781381085
0.17500000000000002 , 0.17500000000000002 , 0.21925072395069528
0.2 , 0.17500000000000002 , 0.22845432735403554
0.225 , 0.17500000000000002 , 0.237420561557727
0.25 , 0.17500000000000002 , 0.24614772029093723
0.275 , 0.17500000000000002 , 0.25463476838858595
0.30000000000000004 , 0.17500000000000002 , 0.26288131022703337
0.325 , 0.17500000000000002 , 0.27088755614534604
0.35000000000000003 , 0.17500000000000002 , 0.2786542872973057
0.375 , 0.17500000000000002 , 0.2861828193589831
0.4 , 0.17500000000000002 , 0.2934749654921201
0.42500000000000004 , 0.17500000000000002 , 0.3005329989356655
0.45 , 0.17500000000000002 , 0.30735961556745606
0.47500000000000003 , 0.17500000000000002 , 0.31395789674603897
0.5 , 0.17500000000000002 , 0.32033127270974276
0.525 , 0.17500000000000002 , 0.32648348677699096
0.55 , 0.17500000000000002 , 0.332418560559097
0.5750000000000001 , 0.17500000000000002 , 0.33814076036488944
0.6000000000000001 , 0.17500000000000002 , 0.3436545649459012
0.625 , 0.17500000000000002 , 0.34896463470185557
0.65 , 0.17500000000000002 , 0.35407578243904614
0.675 , 0.17500000000000002 , 0.3589929457491216
0.7000000000000001 , 0.17500000000000002 , 0.36372116105287555
0.7250000000000001 , 0.17500000000000002 , 0.36826553933295575
0.75 , 0.17500000000000002 , 0.3726312435609658
0.775 , 0.17500000000000002 , 0.37682346780820525
0.8 , 0.17500000000000002 , 0.38084741801520844
0.8250000000000001 , 0.17500000000000002 , 0.3847082943832123
0.8500000000000001 , 0.17500000000000002 , 0.3884112753405899
0.875 , 0.17500000000000002 , 0.39196150302899846
0.9 , 0.17500000000000002 , 0.3953640702473738
0.925 , 0.17500000000000002 , 0.39862400878679904
0.9500000000000001 , 0.17500000000000002 , 0.4017462790855525
0.9750000000000001 , 0.17500000000000002 , 0.4047357611311307
1.0 , 0.17500000000000002 , 0.4075972465346236
0.0 , 0.2 , 0.15211436184725474
0.025 , 0.2 , 0.16287013236001735
0.05 , 0.2 , 0.17342128240296067
0.07500000000000001 , 0.2 , 0.1837607908105109
0.1 , 0.2 , 0.19388243318261905
0.125 , 0.2 , 0.2037807772970867
0.15000000000000002 , 0.2 , 0.21345117336091496
0.17500000000000002 , 0.2 , 0.2228897394977994
0.2 , 0.2 , 0.23209334290113964
0.225 , 0.2 , 0.2410595771048311
0.25 , 0.2 , 0.24978673583804134
0.275 , 0.2 , 0.25827378393569006
0.30000000000000004 , 0.2 , 0.2665203257741375
0.325 , 0.2 , 0.27452657169245015
0.35000000000000003 , 0.2 , 0.2822933028444098
0.375 , 0.2 , 0.2898218349060872
0.4 , 0.2 , 0.2971139810392242
0.42500000000000004 , 0.2 , 0.3041720144827696
0.45 , 0.2 , 0.31099863111456016
0.47500000000000003 , 0.2 , 0.3175969122931431
0.5 , 0.2 , 0.3239702882568469
0.525 , 0.2 , 0.33012250232409507
0.55 , 0.2 , 0.33605757610620113
0.5750000000000001 , 0.2 , 0.34177977591199354
0.6000000000000001 , 0.2 , 0.3472935804930053
0.625 , 0.2 , 0.3526036502489597
0.65 , 0.2 , 0.35771479798615025
0.675 , 0.2 , 0.3626319612962257
0.7000000000000001 , 0.2 , 0.36736017659997966
0.7250000000000001 , 0.2 , 0.37190455488005986
0.75 , 0.2 , 0.3762702591080699
0.775 , 0.2 , 0.38046248335530936
0.8 , 0.2 , 0.38448643356231255
0.8250000000000001 , 0.2 , 0.3883473099303164
0.8500000000000001 , 0.2 , 0.392050290887694
0.875 , 0.2 , 0.39560051857610257
0.9 , 0.2 , 0.3990030857944779
0.925 , 0.2 , 0.40226302433390315
0.9500000000000001 , 0.2 , 0.4053852946326566
0.9750000000000001 , 0.2 , 0.4083747766782348
1.0 , 0.2 , 0.4112362620817277
0.0 , 0.225 , 0.1557625799620025
0.025 , 0.225 , 0.1665183504747651
0.05 , 0.225 , 0.1770695005177084
0.07500000000000001 , 0.225 , 0.1874090089252586
0.1 , 0.225 , 0.19753065129736677
0.125 , 0.225 , 0.20742899541183446
0.15000000000000002 , 0.225 , 0.21709939147566268
0.17500000000000002 , 0.225 , 0.2265379576125471
0.2 , 0.225 , 0.23574156101588736
0.225 , 0.225 , 0.24470779521957883
0.25 , 0.225 , 0.25343495395278903
0.275 , 0.225 , 0.2619220020504378
0.30000000000000004 , 0.225 , 0.2701685438888852
0.325 , 0.225 , 0.2781747898071979
0.35000000000000003 , 0.225 , 0.2859415209591575
0.375 , 0.225 , 0.29347005302083495
0.4 , 0.225 , 0.30076219915397195
0.42500000000000004 , 0.225 , 0.30782023259751734
0.45 , 0.225 , 0.31464684922930786
0.47500000000000003 , 0.225 , 0.3212451304078908
0.5 , 0.225 , 0.3276185063715946
0.525 , 0.225 , 0.3337707204388428
0.55 , 0.225 , 0.3397057942209488
0.5750000000000001 , 0.225 , 0.3454279940267413
0.6000000000000001 , 0.225 , 0.350941798607753
0.625 , 0.225 , 0.35625186836370737
0.65 , 0.225 , 0.36136301610089794
0.675 , 0.225 , 0.36628017941097346
0.7000000000000001 , 0.225 , 0.37100839471472735
0.7250000000000001 , 0.225 , 0.3755527729948076
0.75 , 0.225 , 0.3799184772228176
0.775 , 0.225 , 0.3841107014700571
0.8 , 0.225 , 0.3881346516770603
0.8250000000000001 , 0.225 , 0.3919955280450641
0.8500000000000001 , 0.225 , 0.39569850900244175
0.875 , 0.225 , 0.39924873669085026
0.9 , 0.225 , 0.40265130390922566
0.925 , 0.225 , 0.40591124244865084
0.9500000000000001 , 0.225 , 0.4090335127474043
0.9750000000000001 , 0.225 , 0.41202299479298254
1.0 , 0.225 , 0.4148844801964754
0.0 , 0.25 , 0.15941962365061574
0.025 , 0.25 , 0.17017539416337835
0.05 , 0.25 , 0.18072654420632167
0.07500000000000001 , 0.25 , 0.19106605261387188
0.1 , 0.25 , 0.20118769498598005
0.125 , 0.25 , 0.2110860391004477
0.15000000000000002 , 0.25 , 0.22075643516427595
0.17500000000000002 , 0.25 , 0.23019500130116038
0.2 , 0.25 , 0.23939860470450064
0.225 , 0.25 , 0.2483648389081921
0.25 , 0.25 , 0.25709199764140234
0.275 , 0.25 , 0.26557904573905106
0.30000000000000004 , 0.25 , 0.2738255875774985
0.325 , 0.25 , 0.28183183349581115
0.35000000000000003 , 0.25 , 0.2895985646477708
0.375 , 0.25 , 0.2971270967094482
0.4 , 0.25 , 0.3044192428425852
0.42500000000000004 , 0.25 , 0.3114772762861306
0.45 , 0.25 , 0.31830389291792116
0.47500000000000003 , 0.25 , 0.32490217409650407
0.5 , 0.25 , 0.33127555006020787
0.525 , 0.25 , 0.33742776412745606
0.55 , 0.25 , 0.3433628379095621
0.5750000000000001 , 0.25 , 0.34908503771535454
0.6000000000000001 , 0.25 , 0.3545988422963663
0.625 , 0.25 , 0.3599089120523207
0.65 , 0.25 , 0.36502005978951124
0.675 , 0.25 , 0.3699372230995867
0.7000000000000001 , 0.25 , 0.37466543840334066
0.7250000000000001 , 0.25 , 0.37920981668342085
0.75 , 0.25 , 0.3835755209114309
0.775 , 0.25 , 0.38776774515867035
0.8 , 0.25 , 0.39179169536567354
0.8250000000000001 , 0.25 , 0.3956525717336774
0.8500000000000001 , 0.25 , 0.399355552691055
0.875 , 0.25 , 0.40290578037946356
0.9 , 0.25 , 0.4063083475978389
0.925 , 0.25 , 0.40956828613726415
0.9500000000000001 , 0.25 , 0.4126905564360176
0.9750000000000001 , 0.25 , 0.4156800384815958
1.0 , 0.25 , 0.4185415238850887
0.0 , 0.275 , 0.16308511210282722
0.025 , 0.275 , 0.17384088261558983
0.05 , 0.275 , 0.18439203265853316
0.07500000000000001 , 0.275 , 0.19473154106608337
0.1 , 0.275 , 0.20485318343819153
0.125 , 0.275 , 0.2147515275526592
0.15000000000000002 , 0.275 , 0.22442192361648744
0.17500000000000002 , 0.275 , 0.23386048975337187
0.2 , 0.275 , 0.24306409315671212
0.225 , 0.275 , 0.2520303273604036
0.25 , 0.275 , 0.2607574860936138
0.275 , 0.275 , 0.26924453419126254
0.30000000000000004 , 0.275 , 0.27749107602970996
0.325 , 0.275 , 0.28549732194802263
0.35000000000000003 , 0.275 , 0.29326405309998227
0.375 , 0.275 , 0.3007925851616597
0.4 , 0.275 , 0.3080847312947967
0.42500000000000004 , 0.275 , 0.3151427647383421
0.45 , 0.275 , 0.32196938137013265
0.47500000000000003 , 0.275 , 0.32856766254871556
0.5 , 0.275 , 0.33494103851241935
0.525 , 0.275 , 0.34109325257966755
0.55 , 0.275 , 0.3470283263617736
0.5750000000000001 , 0.275 , 0.352750526167566
0.6000000000000001 , 0.275 , 0.3582643307485778
0.625 , 0.275 , 0.36357440050453216
0.65 , 0.275 , 0.3686855482417227
0.675 , 0.275 , 0.3736027115517982
0.7000000000000001 , 0.275 , 0.37833092685555214
0.7250000000000001 , 0.275 , 0.38287530513563234
0.75 , 0.275 , 0.38724100936364236
0.775 , 0.275 , 0.39143323361088184
0.8 , 0.275 , 0.395457183817885
0.8250000000000001 , 0.275 , 0.3993180601858889
0.8500000000000001 , 0.275 , 0.4030210411432665
0.875 , 0.275 , 0.40657126883167505
0.9 , 0.275 , 0.4099738360500504
0.925 , 0.275 , 0.41323377458947563
0.9500000000000001 , 0.275 , 0.4163560448882291
0.9750000000000001 , 0.275 , 0.4193455269338073
1.0 , 0.275 , 0.4222070123373002
0.0 , 0.30000000000000004 , 0.1667586608434331
0.025 , 0.30000000000000004 , 0.1775144313561957
0.05 , 0.30000000000000004 , 0.18806558139913898
0.07500000000000001 , 0.30000000000000004 , 0.1984050898066892
0.1 , 0.30000000000000004 , 0.20852673217879736
0.125 , 0.30000000000000004 , 0.21842507629326507
0.15000000000000002 , 0.30000000000000004 , 0.22809547235709327
0.17500000000000002 , 0.30000000000000004 , 0.2375340384939777
0.2 , 0.30000000000000004 , 0.24673764189731795
0.225 , 0.30000000000000004 , 0.2557038761010094
0.25 , 0.30000000000000004 , 0.26443103483421965
0.275 , 0.30000000000000004 , 0.27291808293186837
0.30000000000000004 , 0.30000000000000004 , 0.2811646247703158
0.325 , 0.30000000000000004 , 0.28917087068862846
0.35000000000000003 , 0.30000000000000004 , 0.2969376018405881
0.375 , 0.30000000000000004 , 0.3044661339022655
0.4 , 0.30000000000000004 , 0.3117582800354025
0.42500000000000004 , 0.30000000000000004 , 0.3188163134789479
0.45 , 0.30000000000000004 , 0.32564293011073847
0.47500000000000003 , 0.30000000000000004 , 0.3322412112893214
0.5 , 0.30000000000000004 , 0.3386145872530252
0.525 , 0.30000000000000004 , 0.3447668013202734
0.55 , 0.30000000000000004 , 0.35070187510237943
0.5750000000000001 , 0.30000000000000004 , 0.35642407490817185
0.6000000000000001 , 0.30000000000000004 , 0.3619378794891836
0.625 , 0.30000000000000004 , 0.367247949245138
0.65 , 0.30000000000000004 , 0.37235909698232855
0.675 , 0.30000000000000004 , 0.377276260292404
0.7000000000000001 , 0.30000000000000004 , 0.38200447559615797
0.7250000000000001 , 0.30000000000000004 , 0.38654885387623816
0.75 , 0.30000000000000004 , 0.3909145581042482
0.775 , 0.30000000000000004 , 0.39510678235148766
0.8 , 0.30000000000000004 , 0.39913073255849085
0.8250000000000001 , 0.30000000000000004 , 0.4029916089264947
0.8500000000000001 , 0.30000000000000004 , 0.4066945898838723
0.875 , 0.30000000000000004 , 0.4102448175722809
0.9 , 0.30000000000000004 , 0.4136473847906562
0.925 , 0.30000000000000004 , 0.41690732333008146
0.9500000000000001 , 0.30000000000000004 , 0.4200295936288349
0.9750000000000001 , 0.30000000000000004 , 0.4230190756744131
1.0 , 0.30000000000000004 , 0.425880561077906
0.0 , 0.325 , 0.17043988188718043
0.025 , 0.325 , 0.18119565239994304
0.05 , 0.325 , 0.19174680244288633
0.07500000000000001 , 0.325 , 0.20208631085043655
0.1 , 0.325 , 0.2122079532225447
0.125 , 0.325 , 0.2221062973370124
0.15000000000000002 , 0.325 , 0.23177669340084062
0.17500000000000002 , 0.325 , 0.24121525953772505
0.2 , 0.325 , 0.2504188629410653
0.225 , 0.325 , 0.25938509714475677
0.25 , 0.325 , 0.268112255877967
0.275 , 0.325 , 0.2765993039756157
0.30000000000000004 , 0.325 , 0.28484584581406314
0.325 , 0.325 , 0.2928520917323758
0.35000000000000003 , 0.325 , 0.30061882288433545
0.375 , 0.325 , 0.30814735494601286
0.4 , 0.325 , 0.31543950107914986
0.42500000000000004 , 0.325 , 0.32249753452269525
0.45 , 0.325 , 0.3293241511544858
0.47500000000000003 , 0.325 , 0.33592243233306873
0.5 , 0.325 , 0.34229580829677253
0.525 , 0.325 , 0.3484480223640207
0.55 , 0.325 , 0.3543830961461268
0.5750000000000001 , 0.325 , 0.3601052959519192
0.6000000000000001 , 0.325 , 0.36561910053293095
0.625 , 0.325 , 0.37092917028888533
0.65 , 0.325 , 0.3760403180260759
0.675 , 0.325 , 0.38095748133615137
0.7000000000000001 , 0.325 , 0.3856856966399053
0.7250000000000001 , 0.325 , 0.3902300749199855
0.75 , 0.325 , 0.39459577914799554
0.775 , 0.325 , 0.398788003395235
0.8 , 0.325 , 0.4028119536022382
0.8250000000000001 , 0.325 , 0.40667282997024207
0.8500000000000001 , 0.325 , 0.41037581092761966
0.875 , 0.325 , 0.4139260386160282
0.9 , 0.325 , 0.41732860583440357
0.925 , 0.325 , 0.4205885443738288
0.9500000000000001 , 0.325 , 0.42371081467258226
0.9750000000000001 , 0.325 , 0.42670029671816045
1.0 , 0.325 , 0.42956178212165336
0.0 , 0.35000000000000003 , 0.174128383896864
0.025 , 0.35000000000000003 , 0.1848841544096266
0.05 , 0.35000000000000003 , 0.1954353044525699
0.07500000000000001 , 0.35000000000000003 , 0.20577481286012012
0.1 , 0.35000000000000003 , 0.21589645523222828
0.125 , 0.35000000000000003 , 0.22579479934669597
0.15000000000000002 , 0.35000000000000003 , 0.2354651954105242
0.17500000000000002 , 0.35000000000000003 , 0.24490376154740862
0.2 , 0.35000000000000003 , 0.25410736495074887
0.225 , 0.35000000000000003 , 0.26307359915444034
0.25 , 0.35000000000000003 , 0.27180075788765057
0.275 , 0.35000000000000003 , 0.2802878059852993
0.30000000000000004 , 0.35000000000000003 , 0.2885343478237467
0.325 , 0.35000000000000003 , 0.2965405937420594
0.35000000000000003 , 0.35000000000000003 , 0.304307324894019
0.375 , 0.35000000000000003 , 0.31183585695569643
0.4 , 0.35000000000000003 , 0.31912800308883343
0.42500000000000004 , 0.35000000000000003 , 0.3261860365323788
0.45 , 0.35000000000000003 , 0.3330126531641694
0.47500000000000003 , 0.35000000000000003 , 0.3396109343427523
0.5 , 0.35000000000000003 , 0.3459843103064561
0.525 , 0.35000000000000003 , 0.3521365243737043
0.55 , 0.35000000000000003 , 0.35807159815581036
0.5750000000000001 , 0.35000000000000003 , 0.36379379796160277
0.6000000000000001 , 0.35000000000000003 , 0.3693076025426145
0.625 , 0.35000000000000003 , 0.3746176722985689
0.65 , 0.35000000000000003 , 0.3797288200357595
0.675 , 0.35000000000000003 , 0.38464598334583494
0.7000000000000001 , 0.35000000000000003 , 0.3893741986495889
0.7250000000000001 , 0.35000000000000003 , 0.3939185769296691
0.75 , 0.35000000000000003 , 0.3982842811576791
0.775 , 0.35000000000000003 , 0.4024765054049186
0.8 , 0.35000000000000003 , 0.4065004556119218
0.8250000000000001 , 0.35000000000000003 , 0.41036133197992564
0.8500000000000001 , 0.35000000000000003 , 0.4140643129373032
0.875 , 0.35000000000000003 , 0.4176145406257118
0.9 , 0.35000000000000003 , 0.42101710784408714
0.925 , 0.35000000000000003 , 0.4242770463835124
0.9500000000000001 , 0.35000000000000003 , 0.42739931668226583
0.9750000000000001 , 0.35000000000000003 , 0.430388798727844
1.0 , 0.35000000000000003 , 0.4332502841313369
0.0 , 0.375 , 0.17782377234450072
0.025 , 0.375 , 0.18857954285726333
0.05 , 0.375 , 0.19913069290020663
0.07500000000000001 , 0.375 , 0.20947020130775684
0.1 , 0.375 , 0.219591843679865
0.125 , 0.375 , 0.2294901877943327
0.15000000000000002 , 0.375 , 0.2391605838581609
0.17500000000000002 , 0.375 , 0.24859914999504534
0.2 , 0.375 , 0.2578027533983856
0.225 , 0.375 , 0.26676898760207707
0.25 , 0.375 , 0.2754961463352873
0.275 , 0.375 , 0.283983194432936
0.30000000000000004 , 0.375 , 0.29222973627138343
0.325 , 0.375 , 0.3002359821896961
0.35000000000000003 , 0.375 , 0.30800271334165574
0.375 , 0.375 , 0.31553124540333316
0.4 , 0.375 , 0.32282339153647016
0.42500000000000004 , 0.375 , 0.32988142498001555
0.45 , 0.375 , 0.3367080416118061
0.47500000000000003 , 0.375 , 0.34330632279038903
0.5 , 0.375 , 0.3496796987540928
0.525 , 0.375 , 0.355831912821341
0.55 , 0.375 , 0.3617669866034471
0.5750000000000001 , 0.375 , 0.3674891864092395
0.6000000000000001 , 0.375 , 0.37300299099025125
0.625 , 0.375 , 0.37831306074620563
0.65 , 0.375 , 0.3834242084833962
0.675 , 0.375 , 0.38834137179347167
0.7000000000000001 , 0.375 , 0.3930695870972256
0.7250000000000001 , 0.375 , 0.3976139653773058
0.75 , 0.375 , 0.40197966960531584
0.775 , 0.375 , 0.4061718938525553
0.8 , 0.375 , 0.4101958440595585
0.8250000000000001 , 0.375 , 0.41405672042756236
0.8500000000000001 , 0.375 , 0.41775970138493995
0.875 , 0.375 , 0.4213099290733485
0.9 , 0.375 , 0.42471249629172386
0.925 , 0.375 , 0.4279724348311491
0.9500000000000001 , 0.375 , 0.43109470512990256
0.9750000000000001 , 0.375 , 0.43408418717548075
1.0 , 0.375 , 0.43694567257897365
0.0 , 0.4 , 0.18152564967544732
0.025 , 0.4 , 0.19228142018820993
0.05 , 0.4 , 0.20283257023115323
0.07500000000000001 , 0.4 , 0.21317207863870344
0.1 , 0.4 , 0.2232937210108116
0.125 , 0.4 , 0.2331920651252793
0.15000000000000002 , 0.4 , 0.2428624611891075
0.17500000000000002 , 0.4 , 0.25230102732599197
0.2 , 0.4 , 0.2615046307293322
0.225 , 0.4 , 0.2704708649330237
0.25 , 0.4 , 0.2791980236662339
0.275 , 0.4 , 0.28768507176388264
0.30000000000000004 , 0.4 , 0.29593161360233006
0.325 , 0.4 , 0.30393785952064273
0.35000000000000003 , 0.4 , 0.31170459067260237
0.375 , 0.4 , 0.3192331227342798
0.4 , 0.4 , 0.3265252688674168
0.42500000000000004 , 0.4 , 0.33358330231096217
0.45 , 0.4 , 0.34040991894275274
0.47500000000000003 , 0.4 , 0.34700820012133565
0.5 , 0.4 , 0.35338157608503945
0.525 , 0.4 , 0.35953379015228765
0.55 , 0.4 , 0.3654688639343937
0.5750000000000001 , 0.4 , 0.3711910637401861
0.6000000000000001 , 0.4 , 0.37670486832119787
0.625 , 0.4 , 0.38201493807715226
0.65 , 0.4 , 0.3871260858143428
0.675 , 0.4 , 0.3920432491244183
0.7000000000000001 , 0.4 , 0.39677146442817224
0.7250000000000001 , 0.4 , 0.40131584270825243
0.75 , 0.4 , 0.40568154693626246
0.775 , 0.4 , 0.40987377118350193
0.8 , 0.4 , 0.4138977213905051
0.8250000000000001 , 0.4 , 0.417758597758509
0.8500000000000001 , 0.4 , 0.4214615787158866
0.875 , 0.4 , 0.42501180640429514
0.9 , 0.4 , 0.4284143736226705
0.925 , 0.4 , 0.43167431216209573
0.9500000000000001 , 0.4 , 0.4347965824608492
0.9750000000000001 , 0.4 , 0.4377860645064274
1.0 , 0.4 , 0.4406475499099203
0.0 , 0.42500000000000004 , 0.18523361547532013
0.025 , 0.42500000000000004 , 0.19598938598808274
0.05 , 0.42500000000000004 , 0.20654053603102604
0.07500000000000001 , 0.42500000000000004 , 0.21688004443857625
0.1 , 0.42500000000000004 , 0.22700168681068442
0.125 , 0.42500000000000004 , 0.2369000309251521
0.15000000000000002 , 0.42500000000000004 , 0.24657042698898032
0.17500000000000002 , 0.42500000000000004 , 0.2560089931258648
0.2 , 0.42500000000000004 , 0.26521259652920504
0.225 , 0.42500000000000004 , 0.2741788307328965
0.25 , 0.42500000000000004 , 0.2829059894661067
0.275 , 0.42500000000000004 , 0.29139303756375545
0.30000000000000004 , 0.42500000000000004 , 0.29963957940220287
0.325 , 0.42500000000000004 , 0.30764582532051554
0.35000000000000003 , 0.42500000000000004 , 0.3154125564724751
0.375 , 0.42500000000000004 , 0.3229410885341526
0.4 , 0.42500000000000004 , 0.3302332346672896
0.42500000000000004 , 0.42500000000000004 , 0.337291268110835
0.45 , 0.42500000000000004 , 0.3441178847426255
0.47500000000000003 , 0.42500000000000004 , 0.35071616592120847
0.5 , 0.42500000000000004 , 0.35708954188491226
0.525 , 0.42500000000000004 , 0.36324175595216046
0.55 , 0.42500000000000004 , 0.36917682973426647
0.5750000000000001 , 0.42500000000000004 , 0.37489902954005894
0.6000000000000001 , 0.42500000000000004 , 0.38041283412107063
0.625 , 0.42500000000000004 , 0.385722903877025
0.65 , 0.42500000000000004 , 0.3908340516142156
0.675 , 0.42500000000000004 , 0.3957512149242911
0.7000000000000001 , 0.42500000000000004 , 0.400479430228045
0.7250000000000001 , 0.42500000000000004 , 0.40502380850812525
0.75 , 0.42500000000000004 , 0.4093895127361352
0.775 , 0.42500000000000004 , 0.41358173698337475
0.8 , 0.42500000000000004 , 0.41760568719037794
0.8250000000000001 , 0.42500000000000004 , 0.42146656355838175
0.8500000000000001 , 0.42500000000000004 , 0.4251695445157594
0.875 , 0.42500000000000004 , 0.4287197722041679
0.9 , 0.42500000000000004 , 0.4321223394225433
0.925 , 0.42500000000000004 , 0.4353822779619685
0.9500000000000001 , 0.42500000000000004 , 0.43850454826072194
0.9750000000000001 , 0.42500000000000004 , 0.4414940303063002
1.0 , 0.42500000000000004 , 0.44435551570979304
0.0 , 0.45 , 0.18894726663957284
0.025 , 0.45 , 0.19970303715233545
0.05 , 0.45 , 0.21025418719527872
0.07500000000000001 , 0.45 , 0.22059369560282893
0.1 , 0.45 , 0.2307153379749371
0.125 , 0.45 , 0.2406136820894048
0.15000000000000002 , 0.45 , 0.250284078153233
0.17500000000000002 , 0.45 , 0.25972264429011743
0.2 , 0.45 , 0.2689262476934577
0.225 , 0.45 , 0.27789248189714916
0.25 , 0.45 , 0.2866196406303594
0.275 , 0.45 , 0.2951066887280081
0.30000000000000004 , 0.45 , 0.3033532305664555
0.325 , 0.45 , 0.3113594764847682
0.35000000000000003 , 0.45 , 0.31912620763672783
0.375 , 0.45 , 0.32665473969840525
0.4 , 0.45 , 0.33394688583154225
0.42500000000000004 , 0.45 , 0.34100491927508764
0.45 , 0.45 , 0.3478315359068782
0.47500000000000003 , 0.45 , 0.3544298170854611
0.5 , 0.45 , 0.3608031930491649
0.525 , 0.45 , 0.3669554071164131
0.55 , 0.45 , 0.37289048089851917
0.5750000000000001 , 0.45 , 0.3786126807043116
0.6000000000000001 , 0.45 , 0.38412648528532334
0.625 , 0.45 , 0.3894365550412777
0.65 , 0.45 , 0.3945477027784683
0.675 , 0.45 , 0.39946486608854376
0.7000000000000001 , 0.45 , 0.4041930813922977
0.7250000000000001 , 0.45 , 0.4087374596723779
0.75 , 0.45 , 0.4131031639003879
0.775 , 0.45 , 0.4172953881476274
0.8 , 0.45 , 0.4213193383546306
0.8250000000000001 , 0.45 , 0.42518021472263445
0.8500000000000001 , 0.45 , 0.42888319568001204
0.875 , 0.45 , 0.4324334233684206
0.9 , 0.45 , 0.43583599058679595
0.925 , 0.45 , 0.4390959291262212
0.9500000000000001 , 0.45 , 0.44221819942497465
0.9750000000000001 , 0.45 , 0.44520768147055284
1.0 , 0.45 , 0.44806916687404574
0.0 , 0.47500000000000003 , 0.19266619754558323
0.025 , 0.47500000000000003 , 0.20342196805834584
0.05 , 0.47500000000000003 , 0.21397311810128913
0.07500000000000001 , 0.47500000000000003 , 0.22431262650883935
0.1 , 0.47500000000000003 , 0.2344342688809475
0.125 , 0.47500000000000003 , 0.2443326129954152
0.15000000000000002 , 0.47500000000000003 , 0.25400300905924345
0.17500000000000002 , 0.47500000000000003 , 0.2634415751961279
0.2 , 0.47500000000000003 , 0.27264517859946813
0.225 , 0.47500000000000003 , 0.2816114128031596
0.25 , 0.47500000000000003 , 0.2903385715363698
0.275 , 0.47500000000000003 , 0.29882561963401855
0.30000000000000004 , 0.47500000000000003 , 0.30707216147246597
0.325 , 0.47500000000000003 , 0.31507840739077864
0.35000000000000003 , 0.47500000000000003 , 0.3228451385427383
0.375 , 0.47500000000000003 , 0.3303736706044157
0.4 , 0.47500000000000003 , 0.3376658167375527
0.42500000000000004 , 0.47500000000000003 , 0.3447238501810981
0.45 , 0.47500000000000003 , 0.35155046681288865
0.47500000000000003 , 0.47500000000000003 , 0.35814874799147156
0.5 , 0.47500000000000003 , 0.36452212395517536
0.525 , 0.47500000000000003 , 0.37067433802242356
0.55 , 0.47500000000000003 , 0.3766094118045296
0.5750000000000001 , 0.47500000000000003 , 0.38233161161032203
0.6000000000000001 , 0.47500000000000003 , 0.3878454161913338
0.625 , 0.47500000000000003 , 0.39315548594728816
0.65 , 0.47500000000000003 , 0.39826663368447873
0.675 , 0.47500000000000003 , 0.4031837969945542
0.7000000000000001 , 0.47500000000000003 , 0.40791201229830815
0.7250000000000001 , 0.47500000000000003 , 0.41245639057838834
0.75 , 0.47500000000000003 , 0.41682209480639837
0.775 , 0.47500000000000003 , 0.42101431905363784
0.8 , 0.47500000000000003 , 0.42503826926064103
0.8250000000000001 , 0.47500000000000003 , 0.4288991456286449
0.8500000000000001 , 0.47500000000000003 , 0.4326021265860225
0.875 , 0.47500000000000003 , 0.43615235427443105
0.9 , 0.47500000000000003 , 0.4395549214928064
0.925 , 0.47500000000000003 , 0.44281486003223164
0.9500000000000001 , 0.47500000000000003 , 0.4459371303309851
0.9750000000000001 , 0.47500000000000003 , 0.4489266123765633
1.0 , 0.47500000000000003 , 0.4517880977800562
0.0 , 0.5 , 0.1963900002270964
0.025 , 0.5 , 0.20714577073985901
0.05 , 0.5 , 0.2176969207828023
0.07500000000000001 , 0.5 , 0.22803642919035252
0.1 , 0.5 , 0.2381580715624607
0.125 , 0.5 , 0.24805641567692838
0.15000000000000002 , 0.5 , 0.2577268117407566
0.17500000000000002 , 0.5 , 0.26716537787764105
0.2 , 0.5 , 0.2763689812809813
0.225 , 0.5 , 0.2853352154846728
0.25 , 0.5 , 0.294062374217883
0.275 , 0.5 , 0.3025494223155317
0.30000000000000004 , 0.5 , 0.31079596415397914
0.325 , 0.5 , 0.3188022100722918
0.35000000000000003 , 0.5 , 0.32656894122425145
0.375 , 0.5 , 0.33409747328592887
0.4 , 0.5 , 0.34138961941906587
0.42500000000000004 , 0.5 , 0.34844765286261126
0.45 , 0.5 , 0.35527426949440183
0.47500000000000003 , 0.5 , 0.36187255067298474
0.5 , 0.5 , 0.36824592663668854
0.525 , 0.5 , 0.37439814070393673
0.55 , 0.5 , 0.3803332144860428
0.5750000000000001 , 0.5 , 0.3860554142918352
0.6000000000000001 , 0.5 , 0.39156921887284696
0.625 , 0.5 , 0.39687928862880134
0.65 , 0.5 , 0.4019904363659919
0.675 , 0.5 , 0.4069075996760674
0.7000000000000001 , 0.5 , 0.4116358149798213
0.7250000000000001 , 0.5 , 0.4161801932599015
0.75 , 0.5 , 0.42054589748791155
0.775 , 0.5 , 0.424738121735151
0.8 , 0.5 , 0.4287620719421542
0.8250000000000001 , 0.5 , 0.4326229483101581
0.8500000000000001 , 0.5 , 0.43632592926753566
0.875 , 0.5 , 0.43987615695594423
0.9 , 0.5 , 0.44327872417431957
0.925 , 0.5 , 0.4465386627137448
0.9500000000000001 , 0.5 , 0.44966093301249827
0.9750000000000001 , 0.5 , 0.45265041505807646
1.0 , 0.5 , 0.45551190046156936
0.0 , 0.525 , 0.20011826455086737
0.025 , 0.525 , 0.21087403506362998
0.05 , 0.525 , 0.22142518510657327
0.07500000000000001 , 0.525 , 0.2317646935141235
0.1 , 0.525 , 0.24188633588623165
0.125 , 0.525 , 0.2517846800006993
0.15000000000000002 , 0.525 , 0.26145507606452756
0.17500000000000002 , 0.525 , 0.270893642201412
0.2 , 0.525 , 0.28009724560475224
0.225 , 0.525 , 0.2890634798084437
0.25 , 0.525 , 0.29779063854165394
0.275 , 0.525 , 0.30627768663930266
0.30000000000000004 , 0.525 , 0.3145242284777501
0.325 , 0.525 , 0.32253047439606275
0.35000000000000003 , 0.525 , 0.3302972055480224
0.375 , 0.525 , 0.3378257376096998
0.4 , 0.525 , 0.3451178837428368
0.42500000000000004 , 0.525 , 0.3521759171863822
0.45 , 0.525 , 0.35900253381817276
0.47500000000000003 , 0.525 , 0.3656008149967557
0.5 , 0.525 , 0.37197419096045947
0.525 , 0.525 , 0.37812640502770767
0.55 , 0.525 , 0.38406147880981373
0.5750000000000001 , 0.525 , 0.38978367861560614
0.6000000000000001 , 0.525 , 0.3952974831966179
0.625 , 0.525 , 0.4006075529525723
0.65 , 0.525 , 0.40571870068976285
0.675 , 0.525 , 0.4106358639998383
0.7000000000000001 , 0.525 , 0.41536407930359226
0.7250000000000001 , 0.525 , 0.41990845758367246
0.75 , 0.525 , 0.4242741618116825
0.775 , 0.525 , 0.42846638605892196
0.8 , 0.525 , 0.43249033626592515
0.8250000000000001 , 0.525 , 0.436351212633929
0.8500000000000001 , 0.525 , 0.4400541935913066
0.875 , 0.525 , 0.44360442127971517
0.9 , 0.525 , 0.4470069884980905
0.925 , 0.525 , 0.45026692703751575
0.9500000000000001 , 0.525 , 0.4533891973362692
0.9750000000000001 , 0.525 , 0.4563786793818474
1.0 , 0.525 , 0.4592401647853403
0.0 , 0.55 , 0.20385057839534335
0.025 , 0.55 , 0.21460634890810595
0.05 , 0.55 , 0.22515749895104925
0.07500000000000001 , 0.55 , 0.23549700735859946
0.1 , 0.55 , 0.24561864973070763
0.125 , 0.55 , 0.25551699384517534
0.15000000000000002 , 0.55 , 0.26518738990900353
0.17500000000000002 , 0.55 , 0.27462595604588796
0.2 , 0.55 , 0.2838295594492282
0.225 , 0.55 , 0.2927957936529197
0.25 , 0.55 , 0.3015229523861299
0.275 , 0.55 , 0.31001000048377864
0.30000000000000004 , 0.55 , 0.31825654232222605
0.325 , 0.55 , 0.3262627882405387
0.35000000000000003 , 0.55 , 0.33402951939249836
0.375 , 0.55 , 0.3415580514541758
0.4 , 0.55 , 0.3488501975873128
0.42500000000000004 , 0.55 , 0.35590823103085817
0.45 , 0.55 , 0.36273484766264874
0.47500000000000003 , 0.55 , 0.36933312884123165
0.5 , 0.55 , 0.37570650480493545
0.525 , 0.55 , 0.38185871887218364
0.55 , 0.55 , 0.3877937926542897
0.5750000000000001 , 0.55 , 0.3935159924600821
0.6000000000000001 , 0.55 , 0.39902979704109387
0.625 , 0.55 , 0.40433986679704825
0.65 , 0.55 , 0.4094510145342388
0.675 , 0.55 , 0.4143681778443143
0.7000000000000001 , 0.55 , 0.41909639314806824
0.7250000000000001 , 0.55 , 0.42364077142814843
0.75 , 0.55 , 0.42800647565615846
0.775 , 0.55 , 0.43219869990339793
0.8 , 0.55 , 0.4362226501104011
0.8250000000000001 , 0.55 , 0.440083526478405
0.8500000000000001 , 0.55 , 0.4437865074357826
0.875 , 0.55 , 0.44733673512419114
0.9 , 0.55 , 0.4507393023425665
0.925 , 0.55 , 0.45399924088199173
0.9500000000000001 , 0.55 , 0.4571215111807452
0.9750000000000001 , 0.55 , 0.10604397610861949
1.0 , 0.55 , 0.10914450209434301
0.0 , 0.5750000000000001 , 0.20758652783122247
0.025 , 0.5750000000000001 , 0.21834229834398508
0.05 , 0.5750000000000001 , 0.22889344838692838
0.07500000000000001 , 0.5750000000000001 , 0.2392329567944786
0.1 , 0.5750000000000001 , 0.24935459916658675
0.125 , 0.5750000000000001 , 0.25925294328105447
0.15000000000000002 , 0.5750000000000001 , 0.26892333934488266
0.17500000000000002 , 0.5750000000000001 , 0.2783619054817671
0.2 , 0.5750000000000001 , 0.28756550888510735
0.225 , 0.5750000000000001 , 0.2965317430887988
0.25 , 0.5750000000000001 , 0.30525890182200904
0.275 , 0.5750000000000001 , 0.31374594991965776
0.30000000000000004 , 0.5750000000000001 , 0.3219924917581052
0.325 , 0.5750000000000001 , 0.32999873767641785
0.35000000000000003 , 0.5750000000000001 , 0.3377654688283775
0.375 , 0.5750000000000001 , 0.3452940008900549
0.4 , 0.5750000000000001 , 0.3525861470231919
0.42500000000000004 , 0.5750000000000001 , 0.3596441804667373
0.45 , 0.5750000000000001 , 0.36647079709852787
0.47500000000000003 , 0.5750000000000001 , 0.3730690782771108
0.5 , 0.5750000000000001 , 0.3794424542408146
0.525 , 0.5750000000000001 , 0.38559466830806277
0.55 , 0.5750000000000001 , 0.39152974209016883
0.5750000000000001 , 0.5750000000000001 , 0.39725194189596125
0.6000000000000001 , 0.5750000000000001 , 0.402765746476973
0.625 , 0.5750000000000001 , 0.4080758162329274
0.65 , 0.5750000000000001 , 0.41318696397011795
0.675 , 0.5750000000000001 , 0.4181041272801934
0.7000000000000001 , 0.5750000000000001 , 0.42283234258394736
0.7250000000000001 , 0.5750000000000001 , 0.42737672086402756
0.75 , 0.5750000000000001 , 0.4317424250920376
0.775 , 0.5750000000000001 , 0.43593464933927706
0.8 , 0.5750000000000001 , 0.43995859954628025
0.8250000000000001 , 0.5750000000000001 , 0.4438194759142841
0.8500000000000001 , 0.5750000000000001 , 0.4475224568716617
0.875 , 0.5750000000000001 , 0.08828237728443639
0.9 , 0.5750000000000001 , 0.09226188558051318
0.925 , 0.5750000000000001 , 0.09599993751601377
0.9500000000000001 , 0.5750000000000001 , 0.09951404934871916
0.9750000000000001 , 0.5750000000000001 , 0.10282018454546094
1.0 , 0.5750000000000001 , 0.10593291260456661
0.0 , 0.6000000000000001 , 0.2113256973037221
0.025 , 0.6000000000000001 , 0.22208146781648472
0.05 , 0.6000000000000001 , 0.23263261785942801
0.07500000000000001 , 0.6000000000000001 , 0.24297212626697823
0.1 , 0.6000000000000001 , 0.2530937686390864
0.125 , 0.6000000000000001 , 0.2629921127535541
0.15000000000000002 , 0.6000000000000001 , 0.2726625088173823
0.17500000000000002 , 0.6000000000000001 , 0.28210107495426673
0.2 , 0.6000000000000001 , 0.291304678357607
0.225 , 0.6000000000000001 , 0.30027091256129845
0.25 , 0.6000000000000001 , 0.3089980712945087
0.275 , 0.6000000000000001 , 0.3174851193921574
0.30000000000000004 , 0.6000000000000001 , 0.3257316612306048
0.325 , 0.6000000000000001 , 0.3337379071489175
0.35000000000000003 , 0.6000000000000001 , 0.34150463830087713
0.375 , 0.6000000000000001 , 0.34903317036255455
0.4 , 0.6000000000000001 , 0.35632531649569155
0.42500000000000004 , 0.6000000000000001 , 0.36338334993923693
0.45 , 0.6000000000000001 , 0.3702099665710275
0.47500000000000003 , 0.6000000000000001 , 0.3768082477496104
0.5 , 0.6000000000000001 , 0.3831816237133142
0.525 , 0.6000000000000001 , 0.3893338377805624
0.55 , 0.6000000000000001 , 0.39526891156266847
0.5750000000000001 , 0.6000000000000001 , 0.4009911113684609
0.6000000000000001 , 0.6000000000000001 , 0.40650491594947263
0.625 , 0.6000000000000001 , 0.411814985705427
0.65 , 0.6000000000000001 , 0.4169261334426176
0.675 , 0.6000000000000001 , 0.42184329675269305
0.7000000000000001 , 0.6000000000000001 , 0.426571512056447
0.7250000000000001 , 0.6000000000000001 , 0.4311158903365272
0.75 , 0.6000000000000001 , 0.4354815945645372
0.775 , 0.6000000000000001 , 0.4396738188117767
0.8 , 0.6000000000000001 , 0.07180361994991868
0.8250000000000001 , 0.6000000000000001 , 0.07664914132662509
0.8500000000000001 , 0.6000000000000001 , 0.08118829572254033
0.875 , 0.6000000000000001 , 0.08544448737655508
0.9 , 0.6000000000000001 , 0.08943896769049325
0.925 , 0.6000000000000001 , 0.09319105463171634
0.9500000000000001 , 0.6000000000000001 , 0.09671833055498097
0.9750000000000001 , 0.6000000000000001 , 0.10003681991846558
1.0 , 0.6000000000000001 , 0.10316114848939134
0.0 , 0.625 , 0.215067669816388
0.025 , 0.625 , 0.2258234403291506
0.05 , 0.625 , 0.2363745903720939
0.07500000000000001 , 0.625 , 0.24671409877964412
0.1 , 0.625 , 0.2568357411517523
0.125 , 0.625 , 0.26673408526622
0.15000000000000002 , 0.625 , 0.2764044813300482
0.17500000000000002 , 0.625 , 0.2858430474669326
0.2 , 0.625 , 0.2950466508702729
0.225 , 0.625 , 0.30401288507396435
0.25 , 0.625 , 0.3127400438071746
0.275 , 0.625 , 0.3212270919048233
0.30000000000000004 , 0.625 , 0.3294736337432707
0.325 , 0.625 , 0.3374798796615834
0.35000000000000003 , 0.625 , 0.345246610813543
0.375 , 0.625 , 0.35277514287522044
0.4 , 0.625 , 0.36006728900835744
0.42500000000000004 , 0.625 , 0.3671253224519028
0.45 , 0.625 , 0.3739519390836934
0.47500000000000003 , 0.625 , 0.3805502202622763
0.5 , 0.625 , 0.3869235962259801
0.525 , 0.625 , 0.3930758102932283
0.55 , 0.625 , 0.39901088407533436
0.5750000000000001 , 0.625 , 0.4047330838811268
0.6000000000000001 , 0.625 , 0.4102468884621385
0.625 , 0.625 , 0.4155569582180929
0.65 , 0.625 , 0.4206681059552835
0.675 , 0.625 , 0.42558526926535895
0.7000000000000001 , 0.625 , 0.04622378210253475
0.7250000000000001 , 0.625 , 0.05260371313275575
0.75 , 0.625 , 0.05855541726820379
0.775 , 0.625 , 0.06411367580230937
0.8 , 0.625 , 0.06931000051799313
0.8250000000000001 , 0.625 , 0.07417294592892615
0.8500000000000001 , 0.625 , 0.07872839895014683
0.875 , 0.625 , 0.08299984498558949
0.9 , 0.625 , 0.08700861048274244
0.925 , 0.625 , 0.09077408271222687
0.9500000000000001 , 0.625 , 0.09431390797675127
0.9750000000000001 , 0.625 , 0.09764416971200396
1.0 , 0.625 , 0.10077954806647249
0.0 , 0.65 , 0.21881202711627237
0.025 , 0.65 , 0.22956779762903498
0.05 , 0.65 , 0.24011894767197828
0.07500000000000001 , 0.65 , 0.2504584560795285
0.1 , 0.65 , 0.26058009845163665
0.125 , 0.65 , 0.2704784425661043
0.15000000000000002 , 0.65 , 0.28014883862993256
0.17500000000000002 , 0.65 , 0.289587404766817
0.2 , 0.65 , 0.29879100817015725
0.225 , 0.65 , 0.3077572423738487
0.25 , 0.65 , 0.31648440110705894
0.275 , 0.65 , 0.32497144920470766
0.30000000000000004 , 0.65 , 0.3332179910431551
0.325 , 0.65 , 0.34122423696146775
0.35000000000000003 , 0.65 , 0.3489909681134274
0.375 , 0.65 , 0.3565195001751048
0.4 , 0.65 , 0.3638116463082418
0.42500000000000004 , 0.65 , 0.3708696797517872
0.45 , 0.65 , 0.37769629638357777
0.47500000000000003 , 0.65 , 0.3842945775621607
0.5 , 0.65 , 0.3906679535258645
0.525 , 0.65 , 0.39682016759311267
0.55 , 0.65 , 0.40275524137521873
0.5750000000000001 , 0.65 , 0.40847744118101115
0.6000000000000001 , 0.65 , 0.4139912457620229
0.625 , 0.65 , 0.021813926378570048
0.65 , 0.65 , 0.029752007400265734
0.675 , 0.65 , 0.03713269054328072
0.7000000000000001 , 0.65 , 0.04400273666093757
0.7250000000000001 , 0.65 , 0.05040459649753376
0.75 , 0.65 , 0.05637676510501399
0.775 , 0.65 , 0.06195412902182845
0.8 , 0.65 , 0.06716829841588845
0.8250000000000001 , 0.65 , 0.07204791939702138
0.8500000000000001 , 0.65 , 0.076618963888825
0.875 , 0.65 , 0.08090499600286716
0.9 , 0.65 , 0.08492741493229061
0.925 , 0.65 , 0.08870567509833766
0.9500000000000001 , 0.65 , 0.0922574847367797
0.9750000000000001 , 0.65 , 0.09559898437452558
1.0 , 0.65 , 0.09874490677499131
0.0 , 0.675 , 0.22255834988030718
0.025 , 0.675 , 0.23331412039306978
0.05 , 0.675 , 0.24386527043601308
0.07500000000000001 , 0.675 , 0.2542047788435633
0.1 , 0.675 , 0.26432642121567146
0.125 , 0.675 , 0.2742247653301392
0.15000000000000002 , 0.675 , 0.28389516139396737
0.17500000000000002 , 0.675 , 0.2933337275308518
0.2 , 0.675 , 0.30253733093419205
0.225 , 0.675 , 0.3115035651378835
0.25 , 0.675 , 0.32023072387109375
0.275 , 0.675 , 0.32871777196874247
0.30000000000000004 , 0.675 , 0.3369643138071899
0.325 , 0.675 , 0.34497055972550256
0.35000000000000003 , 0.675 , 0.3527372908774622
0.375 , 0.675 , 0.3602658229391396
0.4 , 0.675 , 0.3675579690722766
0.42500000000000004 , 0.675 , 0.374616002515822
0.45 , 0.675 , 0.38144261914761257
0.47500000000000003 , 0.675 , 0.3880409003261955
0.5 , 0.675 , 0.3944142762898993
0.525 , 0.675 , -0.018717806184417984
0.55 , 0.675 , -0.007950449858529107
0.5750000000000001 , 0.675 , 0.0020205901305249685
0.6000000000000001 , 0.675 , 0.011262587768529675
0.625 , 0.675 , 0.0198373480164738
0.65 , 0.675 , 0.027801406294158837
0.675 , 0.675 , 0.03520630783931045
0.7000000000000001 , 0.675 , 0.04209893382272856
0.7250000000000001 , 0.675 , 0.04852184991061065
0.75 , 0.675 , 0.054513659924780467
0.775 , 0.675 , 0.060109352629738044
0.8 , 0.675 , 0.06534063374905152
0.8250000000000001 , 0.675 , 0.07023623833957737
0.8500000000000001 , 0.675 , 0.0748222208546645
0.875 , 0.675 , 0.07912222179501166
0.9 , 0.675 , 0.08315771093131347
0.925 , 0.675 , 0.08694820780809204
0.9500000000000001 , 0.675 , 0.09051148069833959
0.9750000000000001 , 0.675 , 0.09386372544702076
1.0 , 0.675 , 0.09701972577365031
0.0 , 0.7000000000000001 , 0.22630621790269664
0.025 , 0.7000000000000001 , 0.23706198841545925
0.05 , 0.7000000000000001 , 0.24761313845840255
0.07500000000000001 , 0.7000000000000001 , 0.25795264686595276
0.1 , 0.7000000000000001 , 0.2680742892380609
0.125 , 0.7000000000000001 , 0.27797263335252864
0.15000000000000002 , 0.7000000000000001 , 0.28764302941635683
0.17500000000000002 , 0.7000000000000001 , 0.29708159555324126
0.2 , 0.7000000000000001 , 0.3062851989565815
0.225 , 0.7000000000000001 , 0.315251433160273
0.25 , 0.7000000000000001 , 0.3239785918934832
0.275 , 0.7000000000000001 , 0.33246563999113193
0.30000000000000004 , 0.7000000000000001 , 0.34071218182957935
0.325 , 0.7000000000000001 , 0.348718427747892
0.35000000000000003 , 0.7000000000000001 , 0.35648515889985166
0.375 , 0.7000000000000001 , 0.3640136909615291
0.4 , 0.7000000000000001 , 0.3713058370946661
0.42500000000000004 , 0.7000000000000001 , -0.07325085742671028
0.45 , 0.7000000000000001 , -0.05847513939814425
0.47500000000000003 , 0.7000000000000001 , -0.04482035822926489
0.5 , 0.7000000000000001 , -0.032198761973285084
0.525 , 0.7000000000000001 , -0.02052694475108585
0.55 , 0.7000000000000001 , -0.009726556844458334
0.5750000000000001 , 0.7000000000000001 , 2.753284807078815E-4
0.6000000000000001 , 0.7000000000000001 , 0.00954610293411362
0.625 , 0.7000000000000001 , 0.018147693675070686
0.65 , 0.7000000000000001 , 0.02613675899578982
0.675 , 0.7000000000000001 , 0.033564964950128895
0.7000000000000001 , 0.7000000000000001 , 0.040479309576311684
0.7250000000000001 , 0.7000000000000001 , 0.04692247021154555
0.75 , 0.7000000000000001 , 0.05293315639211105
0.775 , 0.7000000000000001 , 0.05854645624239235
0.8 , 0.7000000000000001 , 0.0637941683568542
0.8250000000000001 , 0.7000000000000001 , 0.06870511422717201
0.8500000000000001 , 0.7000000000000001 , 0.07330542848740756
0.875 , 0.7000000000000001 , 0.0776188258319595
0.9 , 0.7000000000000001 , 0.08166684455774775
0.925 , 0.7000000000000001 , 0.08546906741607696
0.9500000000000001 , 0.7000000000000001 , 0.08904332092656159
0.9750000000000001 , 0.7000000000000001 , 0.09240585457900341
1.0 , 0.7000000000000001 , 0.095571501485117
0.0 , 0.7250000000000001 , -0.03735997469616631
0.025 , 0.7250000000000001 , -0.02183809959928179
0.05 , 0.7250000000000001 , -0.009384139556065485
0.07500000000000001 , 0.7250000000000001 , 1.1250344370727916E-4
0.1 , 0.7250000000000001 , 0.271823281618516
0.125 , 0.7250000000000001 , 0.28172162573298365
0.15000000000000002 , 0.7250000000000001 , 0.2913920217968119
0.17500000000000002 , 0.7250000000000001 , 0.3008305879336963
0.2 , 0.7250000000000001 , 0.3100341913370366
0.225 , 0.7250000000000001 , 0.31900042554072805
0.25 , 0.7250000000000001 , 0.3277275842739382
0.275 , 0.7250000000000001 , -0.1924689900861976
0.30000000000000004 , 0.7250000000000001 , -0.16905678413098174
0.325 , 0.7250000000000001 , -0.14727297087505434
0.35000000000000003 , 0.7250000000000001 , -0.12705255822773864
0.375 , 0.7250000000000001 , -0.1083169922097999
0.4 , 0.7250000000000001 , -0.09097927542101109
0.42500000000000004 , 0.7250000000000001 , -0.07494812706982479
0.45 , 0.7250000000000001 , -0.06013123131851744
0.47500000000000003 , 0.7250000000000001 , -0.04643767110567942
0.5 , 0.7250000000000001 , -0.03377966806758198
0.525 , 0.7250000000000001 , -0.02207375387389121
0.55 , 0.7250000000000001 , -0.011241491232107381
0.5750000000000001 , 0.7250000000000001 , -0.0012098493807290445
0.6000000000000001 , 0.7250000000000001 , 0.00808867714077438
0.625 , 0.7250000000000001 , 0.01671613386209775
0.65 , 0.7250000000000001 , 0.024729298288661883
0.675 , 0.7250000000000001 , 0.03217995381364064
0.7000000000000001 , 0.7250000000000001 , 0.03911521205452623
0.7250000000000001 , 0.7250000000000001 , 0.0455778589209721
0.75 , 0.7250000000000001 , 0.0516067067518684
0.775 , 0.7250000000000001 , 0.05723694030085402
0.8 , 0.7250000000000001 , 0.06250044847663572
0.8250000000000001 , 0.7250000000000001 , 0.06742613681471177
0.8500000000000001 , 0.7250000000000001 , 0.07204021789560527
0.875 , 0.7250000000000001 , 0.07636647852076184
0.9 , 0.7250000000000001 , 0.08042652356513841
0.925 , 0.7250000000000001 , 0.08423999716815989
0.9500000000000001 , 0.7250000000000001 , 0.08782478239829739
0.9750000000000001 , 0.7250000000000001 , 0.09119718080508377
1.0 , 0.7250000000000001 , 0.09437207341218146
0.0 , 0.75 , -0.03937340440481357
0.025 , 0.75 , -0.023831242031428945
0.05 , 0.75 , -0.011350459637678112
0.07500000000000001 , 0.75 , -0.00182379921823006
0.1 , 0.75 , 0.00498761046586671
0.125 , 0.75 , 0.009428895157809036
0.15000000000000002 , 0.75 , 0.011919939690503867
0.17500000000000002 , 0.75 , -0.30479821078978747
0.2 , 0.75 , -0.27467370988774525
0.225 , 0.75 , -0.24616904589516664
0.25 , 0.75 , -0.21934073969165213
0.275 , 0.75 , -0.1942044416176782
0.30000000000000004 , 0.75 , -0.17074202610727943
0.325 , 0.75 , -0.14890880583601335
0.35000000000000003 , 0.75 , -0.12864033370562886
0.375 , 0.75 , -0.10985845712403308
0.4 , 0.75 , -0.0924764562159533
0.42500000000000004 , 0.75 , -0.07640322462593324
0.45 , 0.75 , -0.06154653787317699
0.47500000000000003 , 0.75 , -0.04781550533813733
0.5 , 0.75 , -0.03512232596612053
0.525 , 0.75 , -0.02338347285010306
0.55 , 0.75 , -0.012520425038923644
0.5750000000000001 , 0.75 , -0.002460051621728132
0.6000000000000001 , 0.75 , 0.006865262828420204
0.625 , 0.75 , 0.015517678559219705
0.65 , 0.75 , 0.023554088793939054
0.675 , 0.75 , 0.031026390941554016
0.7000000000000001 , 0.75 , 0.037981807054461025
0.7250000000000001 , 0.75 , 0.04446322865135088
0.75 , 0.75 , 0.05050956808914836
0.775 , 0.75 , 0.05615610414015304
0.8 , 0.75 , 0.061434813584022196
0.8250000000000001 , 0.75 , 0.06637468371625571
0.8500000000000001 , 0.75 , 0.07100200293100711
0.875 , 0.75 , 0.07534062814615872
0.9 , 0.75 , 0.0794122289575222
0.925 , 0.75 , 0.08323650916025366
0.9500000000000001 , 0.75 , 0.08683140675573542
0.9750000000000001 , 0.75 , 0.09021327384574251
1.0 , 0.75 , 0.09339703795928256
0.0 , 0.775 , -0.04085254353576234
0.025 , 0.775 , -0.02528489495364039
0.05 , 0.775 , -0.012772208793136453
0.07500000000000001 , 0.775 , -0.0032109207555430785
0.1 , 0.775 , 0.0036341930399702016
0.125 , 0.775 , 0.00810459710372946
0.15000000000000002 , 0.775 , 0.010616599328606757
0.17500000000000002 , 0.775 , -0.30648839635863145
0.2 , 0.775 , -0.27632124349306714
0.225 , 0.775 , -0.24777087983330504
0.25 , 0.775 , -0.22089499950083444
0.275 , 0.775 , -0.1957102817149646
0.30000000000000004 , 0.775 , -0.172199466846894
0.325 , 0.775 , -0.1503185676721165
0.35000000000000003 , 0.775 , -0.13000367978576893
0.375 , 0.775 , -0.11117705149598067
0.4 , 0.775 , -0.09375224136000399
0.42500000000000004 , 0.775 , -0.0776383194024085
0.45 , 0.775 , -0.06274315518277845
0.47500000000000003 , 0.775 , -0.048975887707088495
0.5 , 0.775 , -0.03624869672518771
0.525 , 0.775 , -0.02447800041569187
0.55 , 0.775 , -0.0135851978886678
0.5750000000000001 , 0.775 , -0.0034970617809388926
0.6000000000000001 , 0.775 , 0.005854129684266074
0.625 , 0.775 , 0.014530647976366717
0.65 , 0.775 , 0.022589498686688192
0.675 , 0.775 , 0.03008269005260711
0.7000000000000001 , 0.775 , 0.03705755154463125
0.7250000000000001 , 0.775 , 0.04355707744689924
0.75 , 0.775 , 0.049620277462542994
0.775 , 0.775 , 0.05528252187819166
0.8 , 0.775 , 0.06057587300144551
0.8250000000000001 , 0.775 , 0.06552939769873561
0.8500000000000001 , 0.775 , 0.07016945813462022
0.875 , 0.775 , 0.07451997943761324
0.9 , 0.775 , 0.07860269414751175
0.925 , 0.775 , 0.08243736405891178
0.9500000000000001 , 0.775 , 0.08604198056229351
0.9750000000000001 , 0.775 , 0.08943294487258335
1.0 , 0.775 , 0.09262522968240505
0.0 , 0.8 , -0.04189003870953473
0.025 , 0.8 , -0.026292706493275753
0.05 , 0.8 , -0.013743918130660338
0.07500000000000001 , 0.8 , -0.004144132119745403
0.1 , 0.8 , 0.0027379281489154916
0.125 , 0.8 , 0.007239830077249543
0.15000000000000002 , 0.8 , 0.009774146084738367
0.17500000000000002 , 0.8 , -0.30796119739067884
0.2 , 0.8 , -0.27775334200321344
0.225 , 0.8 , -0.24915918898399345
0.25 , 0.8 , -0.22223759121538403
0.275 , 0.8 , -0.1970062459059957
0.30000000000000004 , 0.8 , -0.17344875169827256
0.325 , 0.8 , -0.15152181656866193
0.35000000000000003 , 0.8 , -0.13116207619346154
0.375 , 0.8 , -0.11229217899563587
0.4 , 0.8 , -0.09482596259224119
0.42500000000000004 , 0.8 , -0.07867267507112735
0.45 , 0.8 , -0.06374028247471009
0.47500000000000003 , 0.8 , -0.04993795639602672
0.5 , 0.8 , -0.037177860680460306
0.525 , 0.8 , -0.0253763620661826
0.55 , 0.8 , -0.014454783270524463
0.5750000000000001 , 0.8 , -0.004339804014236226
0.6000000000000001 , 0.8 , 0.005036400361794535
0.625 , 0.8 , 0.013736209191032578
0.65 , 0.8 , 0.021816737212288162
0.675 , 0.8 , 0.029330100424709682
0.7000000000000001 , 0.8 , 0.03632373281326562
0.7250000000000001 , 0.8 , 0.042840728690171415
0.75 , 0.8 , 0.048920192532838025
0.775 , 0.8 , 0.05459758373199641
0.8 , 0.8 , 0.05990504786894951
0.8250000000000001 , 0.8 , 0.06487172927581542
0.8500000000000001 , 0.8 , 0.06952406192356708
0.875 , 0.8 , 0.07388603732050147
0.9 , 0.8 , 0.07797944924448552
0.925 , 0.8 , 0.08182411590046423
0.9500000000000001 , 0.8 , 0.08543808058787611
0.9750000000000001 , 0.8 , 0.08883779225606026
1.0 , 0.8 , 0.09203826747674787
0.0 , 0.8250000000000001 , -0.04256143234153731
0.025 , 0.8250000000000001 , -0.02693095295076625
0.05 , 0.8250000000000001 , -0.014342496686888362
0.07500000000000001 , 0.8250000000000001 , -0.0047008554531958735
0.1 , 0.8250000000000001 , 0.0022210191515011357
0.125 , 0.8250000000000001 , 0.006756578481552478
0.15000000000000002 , 0.8250000000000001 , 0.00931451221352042
0.17500000000000002 , 0.8250000000000001 , -0.30923416619647437
0.2 , 0.8250000000000001 , -0.27898745781936496
0.225 , 0.8250000000000001 , -0.25035133127875975
0.25 , 0.8250000000000001 , -0.22338578351888672
0.275 , 0.8250000000000001 , -0.19810951859497303
0.30000000000000004 , 0.8250000000000001 , -0.17450698548367768
0.325 , 0.8250000000000001 , -0.15253558218761687
0.35000000000000003 , 0.8250000000000001 , -0.1321324815810195
0.375 , 0.8250000000000001 , -0.11322073115630582
0.4 , 0.8250000000000001 , -0.09571444797225137
0.42500000000000004 , 0.8250000000000001 , -0.0795230596342062
0.45 , 0.8250000000000001 , -0.06455463089753438
0.47500000000000003 , 0.8250000000000001 , -0.05071836870776786
0.5 , 0.8250000000000001 , -0.0379264241159622
0.525 , 0.8250000000000001 , -0.026095115726955886
0.55 , 0.8250000000000001 , -0.015145693257332782
0.5750000000000001 , 0.8250000000000001 , -0.005004746905470481
0.6000000000000001 , 0.8250000000000001 , 0.004395647534816471
0.625 , 0.8250000000000001 , 0.01311797402632614
0.65 , 0.8250000000000001 , 0.021219453349426654
0.675 , 0.8250000000000001 , 0.02875230630555836
0.7000000000000001 , 0.8250000000000001 , 0.03576406859087217
0.7250000000000001 , 0.8250000000000001 , 0.04229793190249864
0.75 , 0.8250000000000001 , 0.04839309300878514
0.775 , 0.8250000000000001 , 0.05408509807776474
0.8 , 0.8250000000000001 , 0.05940617378887253
0.8250000000000001 , 0.8250000000000001 , 0.06438553990893886
0.8500000000000001 , 0.8250000000000001 , 0.06904970032154173
0.875 , 0.8250000000000001 , 0.07342271115027998
0.9 , 0.8250000000000001 , 0.0775264257679773
0.925 , 0.8250000000000001 , 0.08138071726029739
0.9500000000000001 , 0.8250000000000001 , 0.08500367941181841
0.9750000000000001 , 0.8250000000000001 , 0.0884118075809211
1.0 , 0.8250000000000001 , 0.09162016098451714
0.0 , 0.8500000000000001 , -0.04292883542458564
0.025 , 0.8500000000000001 , -0.02726228289367233
0.05 , 0.8500000000000001 , -0.014631043924790477
0.07500000000000001 , 0.8500000000000001 , -0.004944540557053179
0.1 , 0.8500000000000001 , 0.0020197803704935513
0.125 , 0.8500000000000001 , 0.006591047405652861
0.15000000000000002 , 0.8500000000000001 , 0.009173928004115817
0.17500000000000002 , 0.8500000000000001 , -0.3103226217471918
0.2 , 0.8500000000000001 , -0.280038821806342
0.225 , 0.8500000000000001 , -0.25136245420179193
0.25 , 0.8500000000000001 , -0.2243546450716386
0.275 , 0.8500000000000001 , -0.19903509396953092
0.30000000000000004 , 0.8500000000000001 , -0.17538909204339226
0.325 , 0.8500000000000001 , -0.1533747219135413
0.35000000000000003 , 0.8500000000000001 , -0.1329296905366562
0.375 , 0.8500000000000001 , -0.11397744320458453
0.4 , 0.8500000000000001 , -0.09643237658643189
0.42500000000000004 , 0.8500000000000001 , -0.08020409905922787
0.45 , 0.8500000000000001 , -0.0652007761352762
0.47500000000000003 , 0.8500000000000001 , -0.051331652705637276
0.5 , 0.8500000000000001 , -0.0385088699778291
0.525 , 0.8500000000000001 , -0.026648701583222523
0.55 , 0.8500000000000001 , -0.01567232749345915
0.5750000000000001 , 0.8500000000000001 , -0.005506251652076355
0.6000000000000001 , 0.8500000000000001 , 0.003917546476057909
0.625 , 0.8500000000000001 , 0.01266165235738087
0.65 , 0.8500000000000001 , 0.020783389809589714
0.675 , 0.8500000000000001 , 0.028335081572028742
0.7000000000000001 , 0.8500000000000001 , 0.0353643623378504
0.7250000000000001 , 0.8500000000000001 , 0.041914518629585173
0.75 , 0.8500000000000001 , 0.04802483710183425
0.775 , 0.8500000000000001 , 0.053730948447210214
0.8 , 0.8500000000000001 , 0.059065158337562595
0.8250000000000001 , 0.8500000000000001 , 0.06405676000939703
0.8500000000000001 , 0.8500000000000001 , 0.06873232542738456
0.875 , 0.8500000000000001 , 0.07311597362484851
0.9 , 0.8500000000000001 , 0.07722961598218414
0.925 , 0.8500000000000001 , 0.08109317898889562
0.9500000000000001 , 0.8500000000000001 , 0.08472480554083744
0.9750000000000001 , 0.8500000000000001 , 0.08814103612738283
1.0 , 0.8500000000000001 , 0.09135697142154126
0.0 , 0.875 , -0.043043746586103326
0.025 , 0.875 , -0.027338588030992872
0.05 , 0.875 , -0.01466177003840713
0.07500000000000001 , 0.875 , -0.0049276311208720225
0.1 , 0.875 , 0.0020816296786174138
0.125 , 0.875 , 0.006690619970901812
0.15000000000000002 , 0.875 , 0.009299850813803912
0.17500000000000002 , 0.875 , -0.31123996510348495
0.2 , 0.875 , -0.2809207572443376
0.225 , 0.875 , -0.25220580733946374
0.25 , 0.875 , -0.22515735572825676
0.275 , 0.875 , -0.19979608595244633
0.30000000000000004 , 0.875 , -0.17610812298362535
0.325 , 0.875 , -0.15405222845620392
0.35000000000000003 , 0.875 , -0.133566640097069
0.375 , 0.875 , -0.11457519953519035
0.4 , 0.875 , -0.09699258303464675
0.42500000000000004 , 0.875 , -0.08072858082478329
0.45 , 0.875 , -0.06569146105660367
0.47500000000000003 , 0.875 , -0.05179050900889581
0.5 , 0.875 , -0.03893785885657125
0.525 , 0.875 , -0.02704974228782392
0.55 , 0.875 , -0.016047272665050905
0.5750000000000001 , 0.875 , -0.005856870832998351
0.6000000000000001 , 0.875 , 0.003589576957956364
0.625 , 0.875 , 0.0123547546488052
0.65 , 0.875 , 0.020496086180569584
0.675 , 0.875 , 0.028065993450544557
0.7000000000000001 , 0.875 , 0.03511220751387817
0.7250000000000001 , 0.875 , 0.04167810723335652
0.75 , 0.875 , 0.04780306681511809
0.775 , 0.875 , 0.053522799289547174
0.8 , 0.875 , 0.05886968727735731
0.8250000000000001 , 0.875 , 0.06387309557838283
0.8500000000000001 , 0.875 , 0.0685596624623307
0.875 , 0.875 , 0.07295356821910409
0.9 , 0.875 , 0.07707678069888968
0.925 , 0.875 , 0.08094927836510374
0.9500000000000001 , 0.875 , 0.08458925189547006
0.9750000000000001 , 0.875 , 0.08801328567441408
1.0 , 0.875 , 0.09123652068185362
0.0 , 0.9 , -0.04294922486522135
0.025 , 0.9 , -0.027203213671300297
0.05 , 0.9 , -0.014478242145216647
0.07500000000000001 , 0.9 , -0.0046938438746356725
0.1 , 0.9 , 0.0023627800715178005
0.125 , 0.9 , 0.007011524194623475
0.15000000000000002 , 0.9 , 0.009648612496172493
0.17500000000000002 , 0.9 , 0.010712964804277747
0.2 , 0.9 , -0.2816449485769161
0.225 , 0.9 , -0.2528930098937483
0.25 , 0.9 , -0.2258054728799736
0.275 , 0.9 , -0.20040399343232002
0.30000000000000004 , 0.9 , -0.1766755218514296
0.325 , 0.9 , -0.15457949302224813
0.35000000000000003 , 0.9 , -0.13405467196531481
0.375 , 0.9 , -0.1150252950217287
0.4 , 0.9 , -0.09740631787801607
0.42500000000000004 , 0.9 , -0.0811077135470934
0.45 , 0.9 , -0.06603785455994171
0.47500000000000003 , 0.9 , -0.05210606889401226
0.5 , 0.9 , -0.03922448638032072
0.525 , 0.9 , -0.02730929968053658
0.55 , 0.9 , -0.016281558577849242
0.5750000000000001 , 0.9 , -0.0060676038759264195
0.6000000000000001 , 0.9 , 0.003400768366547069
0.625 , 0.9 , 0.012186337621617638
0.65 , 0.9 , 0.020346625119690653
0.675 , 0.9 , 0.027934149211095827
0.7000000000000001 , 0.9 , 0.0349967347484173
0.7250000000000001 , 0.9 , 0.04157785051579099
0.75 , 0.9 , 0.04771695599854625
0.775 , 0.9 , 0.05344984443682427
0.8 , 0.9 , 0.058808973412132204
0.8250000000000001 , 0.9 , 0.06382377743368511
0.8500000000000001 , 0.9 , 0.06852095934969243
0.875 , 0.9 , 0.0729247591003257
0.9 , 0.9 , 0.07705719951209539
0.925 , 0.9 , 0.08093830963434567
0.9500000000000001 , 0.9 , 0.08458632663697735
0.9750000000000001 , 0.9 , 0.08801787760114355
1.0 , 0.9 , 0.09124814270011761
0.0 , 0.925 , -0.5248079637318925
0.025 , 0.925 , -0.02689266883079572
0.05 , 0.925 , -0.014117120299712738
0.07500000000000001 , 0.925 , -0.004279928309799008
0.1 , 0.925 , 0.0028264591146690554
0.125 , 0.925 , 0.00751703512887697
0.15000000000000002 , 0.925 , 0.010183608266774835
0.17500000000000002 , 0.925 , 0.011261545307675258
0.2 , 0.925 , -0.28222167088397904
0.225 , 0.925 , -0.25343427907327887
0.25 , 0.925 , -0.2263091588207446
0.275 , 0.925 , -0.20086892665805597
0.30000000000000004 , 0.925 , -0.1771013496075216
0.325 , 0.925 , -0.15496652991322965
0.35000000000000003 , 0.925 , -0.13440375627811932
0.375 , 0.925 , -0.11533765799475071
0.4 , 0.925 , -0.09768346986684523
0.42500000000000004 , 0.925 , -0.08135134849477343
0.45 , 0.925 , -0.06624977241005625
0.47500000000000003 , 0.925 , -0.05228811448622256
0.5 , 0.925 , -0.03937850279282529
0.525 , 0.925 , -0.027437093782379796
0.55 , 0.925 , -0.01638487659621085
0.5750000000000001 , 0.925 , -0.006148114968041629
0.6000000000000001 , 0.925 , 0.0033414822932914534
0.625 , 0.925 , 0.01214678732318808
0.65 , 0.925 , 0.020325415878575503
0.675 , 0.925 , 0.027929980124656972
0.7000000000000001 , 0.925 , 0.03500839620967233
0.7250000000000001 , 0.925 , 0.04160422047932022
0.75 , 0.925 , 0.04775699548150569
0.775 , 0.925 , 0.053502592590705056
0.8 , 0.925 , 0.058873542410817714
0.8250000000000001 , 0.925 , 0.06389934735343272
0.8500000000000001 , 0.925 , 0.06860677316311647
0.875 , 0.925 , 0.073020117865993
0.9 , 0.925 , 0.07716145781117334
0.925 , 0.925 , 0.08105087128357386
0.9500000000000001 , 0.925 , 0.08470664069121447
0.9750000000000001 , 0.925 , 0.08814543464740304
1.0 , 0.925 , 0.09138247143719097
0.0 , 0.9500000000000001 , -0.5193928138966406
0.025 , 0.9500000000000001 , -0.026437956025069487
0.05 , 0.9500000000000001 , -0.013609506158916707
0.07500000000000001 , 0.9500000000000001 , -0.003717032475005988
0.1 , 0.9500000000000001 , 0.0034415282718471274
0.125 , 0.9500000000000001 , 0.008176082049156319
0.15000000000000002 , 0.9500000000000001 , 0.010873894857770905
0.17500000000000002 , 0.9500000000000001 , 0.011966691916100114
0.2 , 0.9500000000000001 , -0.2826599854999695
0.225 , 0.9500000000000001 , -0.2538386247660599
0.25 , 0.9500000000000001 , -0.22667737452537293
0.275 , 0.9500000000000001 , -0.20119980017002145
0.30000000000000004 , 0.9500000000000001 , -0.177394476755031
0.325 , 0.9500000000000001 , -0.15522216789368448
0.35000000000000003 , 0.9500000000000001 , -0.13462268225239585
0.375 , 0.9500000000000001 , -0.11552104020348286
0.4 , 0.9500000000000001 , -0.09783275525215523
0.42500000000000004 , 0.9500000000000001 , -0.08146816828277403
0.45 , 0.9500000000000001 , -0.06633586534519287
0.47500000000000003 , 0.9500000000000001 , -0.0523452663089814
0.5 , 0.9500000000000001 , -0.0394084999727794
0.525 , 0.9500000000000001 , -0.02744168931095675
0.55 , 0.9500000000000001 , -0.016365765679253463
0.5750000000000001 , 0.9500000000000001 , -0.006106918636507808
0.6000000000000001 , 0.9500000000000001 , 0.0034032273878735753
0.625 , 0.9500000000000001 , 0.012227634392062092
0.65 , 0.9500000000000001 , 0.02042400995978566
0.675 , 0.9500000000000001 , 0.028045057492417647
0.7000000000000001 , 0.9500000000000001 , 0.03513878198812531
0.7250000000000001 , 0.9500000000000001 , 0.041748825047269844
0.75 , 0.9500000000000001 , 0.047914810113660444
0.775 , 0.9500000000000001 , 0.053672684667880444
0.8 , 0.9500000000000001 , 0.05905505044244497
0.8250000000000001 , 0.9500000000000001 , 0.06409147598652382
0.8500000000000001 , 0.9500000000000001 , 0.0688087882988434
0.875 , 0.9500000000000001 , 0.07323134196498116
0.9 , 0.9500000000000001 , 0.0773812654387343
0.925 , 0.9500000000000001 , 0.08127868492414869
0.9500000000000001 , 0.9500000000000001 , 0.08494192684542856
0.9750000000000001 , 0.9500000000000001 , 0.08838770021389653
1.0 , 0.9500000000000001 , 0.09163126037363828
0.0 , 0.9750000000000001 , -0.5134016827199437
0.025 , 0.9750000000000001 , -0.5130287063577408
0.05 , 0.9750000000000001 , -0.012981996320058253
0.07500000000000001 , 0.9750000000000001 , -0.0030317687780832547
0.1 , 0.9750000000000001 , 0.004181406416365718
0.125 , 0.9750000000000001 , 0.00896216341841699
0.15000000000000002 , 0.9750000000000001 , 0.011693099342533098
0.17500000000000002 , 0.9750000000000001 , 0.012802208848436358
0.2 , 0.9750000000000001 , -0.28296790661829013
0.225 , 0.9750000000000001 , -0.2541140153186249
0.25 , 0.9750000000000001 , -0.22691804464880438
0.275 , 0.9750000000000001 , -0.20140449706192493
0.30000000000000004 , 0.9750000000000001 , -0.17756274690363583
0.325 , 0.9750000000000001 , -0.1553542130946159
0.35000000000000003 , 0.9750000000000001 , -0.1347192204628102
0.375 , 0.9750000000000001 , -0.11558317850002031
0.4 , 0.9750000000000001 , -0.09786187890706916
0.42500000000000004 , 0.9750000000000001 , -0.08146584745970348
0.45 , 0.9750000000000001 , -0.06630377915741575
0.47500000000000003 , 0.9750000000000001 , -0.05228514288286573
0.5 , 0.9750000000000001 , -0.039322070575434076
0.525 , 0.9750000000000001 , -0.027330654387607345
0.55 , 0.9750000000000001 , -0.016231770675177226
0.5750000000000001 , 0.9750000000000001 , -0.005951537650461303
0.6000000000000001 , 0.9750000000000001 , 0.00357850182909647
0.625 , 0.9750000000000001 , 0.012421396883288638
0.65 , 0.9750000000000001 , 0.020634944279052714
0.675 , 0.9750000000000001 , 0.028271936128271724
0.7000000000000001 , 0.9750000000000001 , 0.03538046388346283
0.7250000000000001 , 0.9750000000000001 , 0.04200425214019121
0.75 , 0.9750000000000001 , 0.04818300311639501
0.775 , 0.9750000000000001 , 0.053952738413041046
0.8 , 0.9750000000000001 , 0.0593461290377319
0.8250000000000001 , 0.9750000000000001 , 0.06439280795054725
0.8500000000000001 , 0.9750000000000001 , 0.06911966179829071
0.875 , 0.9750000000000001 , 0.0735511002337087
0.9 , 0.9750000000000001 , 0.07770930242978868
0.925 , 0.9750000000000001 , 0.08161444122398176
0.9500000000000001 , 0.9750000000000001 , 0.08528488586385047
0.9750000000000001 , 0.9750000000000001 , 0.08873738465217623
1.0 , 0.9750000000000001 , 0.09198722896547501
0.0 , 1.0 , -0.5068703572063661
0.025 , 1.0 , -0.5065251420140792
0.05 , 1.0 , -0.012257509400183275
0.07500000000000001 , 1.0 , -0.002247050223939673
0.1 , 1.0 , 0.005023225846477297
0.125 , 1.0 , 0.00985249684353573
0.15000000000000002 , 1.0 , 0.012618564916341057
0.17500000000000002 , 1.0 , 0.013745605018050722
0.2 , 1.0 , -0.2831525431338793
0.225 , 1.0 , -0.25426751865829633
0.25 , 1.0 , -0.22703819796852204
0.275 , 1.0 , -0.2014900087811565
0.30000000000000004 , 1.0 , -0.17761311596316384
0.325 , 1.0 , -0.15536958763334258
0.35000000000000003 , 1.0 , -0.1347002609186995
0.375 , 1.0 , -0.11553093240215595
0.4 , 1.0 , -0.09777767140257226
0.42500000000000004 , 1.0 , -0.08135118912187655
0.45 , 1.0 , -0.06616029086877728
0.47500000000000003 , 1.0 , -0.052114496486303785
0.5 , 1.0 , -0.03912594339903658
0.525 , 1.0 , -0.027110695529529938
0.55 , 1.0 , -0.015989576957943508
0.5750000000000001 , 1.0 , -0.005688637320104106
0.6000000000000001 , 1.0 , 0.0038606593464659
0.625 , 1.0 , 0.012721446594653518
0.65 , 1.0 , 0.02095160778096611
0.675 , 1.0 , 0.028604021249541534
0.7000000000000001 , 1.0 , 0.035726862556655026
0.7250000000000001 , 1.0 , 0.04236393707630437
0.75 , 1.0 , 0.04855502371928733
0.775 , 1.0 , 0.05433621625966123
0.8 , 1.0 , 0.05974025316304893
0.8250000000000001 , 1.0 , 0.06479683010835596
0.8500000000000001 , 1.0 , 0.06953289181718647
0.875 , 1.0 , 0.07397290154828479
0.9 , 1.0 , 0.07813908783783724
0.925 , 1.0 , 0.08205166889895071
0.9500000000000001 , 1.0 , 0.08572905563624272
0.9750000000000001 , 1.0 , 0.0891880345625401
1.0 , 1.0 , 0.09244393208401847